Date,Close,High,Low,Open,Volume,MA20,MA60,RSI
2022-01-03,450.6444396972656,450.7765215542985,447.0031490248722,449.31432242601716,72668200,,,
2022-01-04,450.4934692382813,452.7858147658463,448.63508224842974,452.0688648240115,71178700,,,
2022-01-05,441.843017578125,450.8991165177179,441.7486775164381,450.1255683158479,104538900,,,
2022-01-06,441.4280395507813,444.1448726975174,439.06023879788046,441.3808839040391,86858900,,,
2022-01-07,439.6827697753906,442.6165817047028,438.32435344615055,441.43740286255314,85111600,,,
2022-01-10,439.13568115234375,439.3526316532516,430.7304901894249,436.48488919074714,119362000,,,
2022-01-11,443.1354675292969,443.22980760686403,435.87171338487093,438.87156663562837,74303100,,,
2022-01-12,444.3334655761719,446.38997545502053,442.3713245554861,444.87117806328797,67605400,,,
2022-01-13,438.211181640625,446.0881025089078,437.18294108680465,445.4371934481838,91173100,,,
2022-01-14,438.390380859375,438.7394131797268,433.8434604749311,435.06038106331687,95890900,,,
2022-01-18,430.6265869140625,433.89998789595876,429.5134492124135,433.6924513084869,109709100,,,
2022-01-19,426.15521240234375,433.56987477528105,425.8816348637501,432.17374552013666,109357600,,,
2022-01-20,421.4385681152344,432.7492436968586,419.31604594789405,428.0419704136264,122379700,,,
2022-01-21,413.16546630859375,422.6743531254501,413.137167164053,420.31599511855075,202271200,,,11.147949031222467
2022-01-24,414.9200439453125,415.4294573025682,396.9210694706066,407.5525363125253,251783900,,,14.266684004979268
2022-01-25,409.854248046875,414.8067989622443,402.9489701470522,408.52413091783615,167997300,,,12.98953886517252
2022-01-26,408.8260498046875,418.8820910132849,404.56212043743244,415.7501849161173,186391100,,,15.083645630146762
2022-01-27,406.8072509765625,416.570857381139,405.1186876310889,413.42953766606337,149878300,,,14.588769830468678
2022-01-28,416.9104919433594,416.95764758264465,403.5810494178644,408.16568303658295,164457400,,,30.108727292501698
2022-01-31,424.41949462890625,424.76852696731544,414.89172362734763,416.2406973417306,152251400,430.0210662841797,,38.5394732464125
2022-02-01,427.2872619628906,427.9287283515847,421.6177608084225,425.14585473478627,123155400,428.85320739746095,,37.43637310232173
2022-02-02,431.4380187988281,432.16438269982757,427.38162576079867,429.69282811901024,117361000,427.90043487548826,,40.23435261142634
2022-02-03,421.2970581054687,427.3061493870198,420.45746888036115,425.4006065808514,118024400,426.87313690185545,,37.92593683447366
2022-02-04,423.278076171875,427.12690349554987,418.68397092224063,421.0612140470099,118454400,425.9656387329102,,39.482707208933085
2022-02-07,421.9196166992187,425.4382678088837,420.58949956003295,424.04213853628335,84472900,425.0774810791016,,43.34733305725614
2022-02-08,425.3910827636719,426.31556924155666,419.9951598038307,421.4196169061176,81012000,424.39025115966797,,49.40709796487247
2022-02-09,431.61724853515625,431.9379817631401,429.2305914308077,429.4286854386847,92589900,423.81434020996096,,57.71704842188456
2022-02-10,423.8629455566406,431.7775795121979,421.86306271080866,425.7684883309894,140103700,422.7908142089844,,58.174687165786594
2022-02-11,415.50494384765625,426.0232149227556,414.0710725267029,423.947877125735,153214600,421.65550231933594,,50.4059891340819
2022-02-14,414.146484375,416.5803257355876,410.67498861776903,414.9955162101405,123006300,420.4433074951172,,53.14097026878065
2022-02-15,420.8254089355469,420.99520380296383,418.0708341137334,418.58969014890727,88482700,419.95324859619143,,58.110160146760265
2022-02-16,421.2970581054687,422.6743310487677,416.90107555558865,418.7783192186944,84863600,419.71034088134763,,60.00260386821892
2022-02-17,412.2975158691406,421.2687175900961,411.6937912802445,418.10851257856154,102259100,419.25328826904297,,46.76629474428233
2022-02-18,409.6278076171875,413.8068098547772,407.354347719248,412.5521476462196,132642900,419.07640533447267,,38.87628680486834
2022-02-22,405.23193359375,410.8259516984403,401.7321096953835,407.4204966635997,124391800,418.59199981689454,,33.78649227697453
2022-02-23,398.0436096191406,408.71281716213616,397.47759803405336,408.14680557704895,132578000,418.0014678955078,,26.50030494876006
2022-02-24,404.0338745117187,404.4678331044579,387.3744592030102,387.7329054308326,213942900,417.76185913085936,,37.09818679438932
2022-02-25,412.9484558105469,413.0333532377554,403.6187784215898,405.2696289017005,121804500,418.0689193725586,,43.00499824546828
2022-02-28,411.8919067382813,413.37296233027865,406.29788900505855,407.5525226744369,145615000,417.8179901123047,,43.18156540043068
2022-03-01,405.61871337890625,412.4013531876371,402.9112942533806,410.39202759579075,137785900,416.87795104980466,,37.049040862921515
2022-03-02,413.0805358886719,414.8068411449072,407.1186004140651,407.8732634005898,117726500,416.16761474609376,,38.05180708719189
2022-03-03,411.02398681640625,416.11803346129733,409.22219816012046,415.5143088873288,105501700,415.1469131469727,,41.068357033886166
2022-03-04,407.68463134765625,408.81662588103086,403.63768107861074,407.2884145484183,113978200,414.466291809082,,44.15127050830374
2022-03-07,395.6663513183594,407.807171236879,395.600310398485,407.09966398019566,137896600,413.08570556640626,,38.07958192109523
2022-03-08,392.66656494140625,403.0055972451965,391.60058263341585,395.84562657872834,164772700,411.6230529785156,,30.93135976450756
2022-03-09,403.1942443847656,405.175270488169,398.86430336951577,401.052866089248,116990800,410.5132110595703,,39.21058059474924
2022-03-10,401.3736267089844,402.2697853678107,396.61916949340304,398.5813104458791,93972700,409.0010299682617,,42.87998892477199
2022-03-11,396.2701416015625,404.4772092709991,395.7607282684723,403.8640420157582,95636300,407.6213897705078,,41.56141506276538
2022-03-14,393.37408447265625,400.4963135753872,392.2326473482891,397.04370305998077,95729200,406.5148468017578,,42.364213334632964
2022-03-15,402.0245971679687,402.6566210107506,394.71368713234256,395.9871774625465,106219100,405.90875244140625,,52.51614919172062
2022-03-16,410.9391479492187,410.99574623645054,400.7321679197033,405.53380999874116,144954800,405.41443939208983,,54.20883775573295
2022-03-17,416.0804138183594,416.0804138183594,408.64686440877273,409.02419595072837,102676900,405.1536071777344,,52.0010029581807
2022-03-18,420.6375427246094,420.95927229277345,413.72975679136624,414.4678490660908,106345500,405.5706085205078,,55.34833999658839
2022-03-21,420.5145568847656,422.4733213729706,417.00386088702027,420.4672258759616,88349800,406.11494598388674,,59.850435362414544
2022-03-22,425.4352111816406,426.37201295183075,421.9055997031732,421.9055997031732,74650400,407.12510986328124,,58.454126053220904
2022-03-23,419.9562683105469,424.39429439850414,419.8711071405114,422.8991946168003,79426100,408.2207427978516,,55.83875630518973
2022-03-24,426.2868347167969,426.29630669485863,420.8647048360825,421.9813008840571,64736900,409.3333908081055,,61.70207292579756
2022-03-25,428.3686218261719,428.6430492710812,424.33748682777303,426.9208242937579,77101300,410.1043991088867,,73.51124497780492
2022-03-28,431.4156494140625,431.4156494140625,425.8799424500739,427.77248986490883,68529800,411.0805862426758,,77.83968125337655
2022-03-29,436.7526550292969,437.24473588066155,432.61744319877937,435.30485728967426,86581500,412.6372833251953,419.8454335530599,76.05361969422995
2022-03-30,434.0557861328125,436.42147053755207,431.94558524771077,435.60766008577025,79666900,413.68604583740233,419.56895599365237,75.03273638804389
2022-03-31,427.3750915527344,434.11255605182595,426.9208697553412,433.2893025074121,121699900,414.50360107421875,419.18364969889325,73.26262964232617
2022-04-01,428.5862426757813,429.0972096169753,425.0093296975333,428.9552743555325,89048800,415.548681640625,418.96270345052085,77.01514566889314
2022-04-04,432.25787353515625,432.3619786728985,427.96181114365424,428.7850647544049,59601000,417.37825775146484,418.8098673502604,75.11392328050378
2022-04-05,426.7978210449219,433.23247058270414,425.65283796639494,430.76271011439627,74214500,419.08482055664064,418.5951182047526,63.97541285607714
2022-04-06,422.5301208496094,424.8106439250677,419.64399762453365,422.8802663750546,106898000,420.05161437988284,418.31835886637367,55.772666039535494
2022-04-07,424.6592712402344,426.47612959296237,419.7008059045146,421.65012756907544,78097200,421.2158966064453,418.010422261556,53.76311109435876
2022-04-08,423.5237731933594,426.4193687220367,421.981342273067,423.90227693918933,79272700,422.57857818603514,417.6635940551758,52.763348458896424
2022-04-11,416.28472900390625,421.09178658035466,415.7832051098399,420.24958914576314,89770500,423.72411041259767,417.2981531778971,41.94033260847945
2022-04-12,414.7423400878906,421.8015343492119,413.1904372386116,419.2749706687826,84363600,424.35999755859376,416.9040191650391,45.06542464208805
2022-04-13,419.49261474609375,420.2496221966037,414.3164961668285,414.4962904899716,74070400,424.7876708984375,416.7184529622396,43.37152823471197
2022-04-14,414.2692260742187,420.8363687322028,414.1651209368808,419.71974367105213,97869500,424.69711151123045,416.5203531901042,37.03906104034472
2022-04-18,414.4395446777344,416.12391091643246,412.2063234536488,413.3418635849445,66002500,424.38721160888673,416.40370279947916,33.52319749012028
2022-04-19,421.1296691894531,421.8488175877449,414.1650795150678,414.33540185587515,77821000,424.41796722412107,416.5364395141602,35.224614809153636
2022-04-20,420.81744384765625,423.5238021273017,419.6535454716644,422.90872988855983,65224400,424.18707885742185,416.63472951253254,36.888483468016915
2022-04-21,414.5246887207031,425.83267191463915,413.61627398000866,424.4416483063958,85417300,423.9154998779297,416.7125701904297,37.174146652890975
2022-04-22,403.1504821777344,414.54359749502777,402.5827121441921,413.43647336370464,132471800,422.75868225097656,416.6179773966471,28.89455316351649
2022-04-25,405.4877624511719,405.65808479066646,396.33728283967,400.90780109531795,119647700,421.61463928222656,416.595985921224,27.284361429122683
2022-04-26,393.7444763183594,403.15043882373135,393.7160892636341,402.9517005626742,103996300,419.73108062744143,416.2098856608073,24.655313461167708
2022-04-27,394.8516540527344,400.198124069915,392.7130949238464,394.8232669941469,122030000,417.63603057861326,415.7170883178711,27.695606838615788
2022-04-28,404.8254089355469,406.55710623337256,395.16396112082083,399.601987737978,105449100,416.17451171875,415.3427241007487,35.811007889226005
2022-04-29,389.86480712890625,402.9896201658994,389.1172427381389,400.83211704855785,145491100,414.2989974975586,414.64983723958335,29.897132325252755
2022-05-02,392.2115173339844,393.5741537158079,383.25974771045304,389.93099434604335,158312500,412.4802612304687,414.16507822672526,34.72986591537257
2022-05-03,394.0094604492187,396.4224469103301,391.15169530175734,392.7130700591638,100028200,410.5678405761719,413.677267964681,36.891206906199386
2022-05-04,406.0082092285156,406.5759792490273,391.48290152050896,394.67183940897127,144247900,409.5283599853516,413.4120778401693,42.190063464781886
2022-05-05,391.5774841308594,402.16628824210756,387.44227303458774,401.740453562189,172929100,407.98072814941406,412.8485178629557,38.1239660260807
2022-05-06,389.240234375,392.5143334096191,383.9316525873715,389.01313791973797,151770800,406.2097763061523,412.14223429361977,37.10409882790233
2022-05-09,376.77789306640625,384.5751807945014,375.1976029403931,383.33556429048593,155586100,403.8724822998047,411.3574834187826,28.568845853134007
2022-05-10,377.6484069824219,384.26285159656214,373.60782825671424,382.75827972149085,132497200,401.94066619873047,410.72654113769534,29.252297546203934
2022-05-11,371.6490173339844,382.3324561154293,370.9014529815829,376.6832006420824,142361000,399.78600006103517,410.0182500203451,29.335019930280794
2022-05-12,371.2610473632813,374.53514652082424,364.4573366484498,368.45061311196713,125090800,397.37442169189455,409.192177327474,32.809614414646816
2022-05-13,380.1370849609375,381.5186365245012,374.35533743902573,375.39624432033366,104174400,395.66781463623045,408.5061777750651,37.23433780579446
2022-05-16,378.59466552734375,382.26621234005705,376.2384531036934,378.4905892750784,78622400,393.8755706787109,407.94446360270183,41.49761950678796
2022-05-17,386.3825073242187,386.6190757634291,380.9508763229202,384.68866921363724,83029700,392.1382125854492,407.55704193115236,45.57849639848766
2022-05-18,370.8067321777344,382.10524045364286,369.5671161617557,381.8213699453945,117674500,389.63767700195314,406.98328857421876,33.22124658923144
2022-05-19,368.5357666015625,372.96434969897865,366.3120175133911,367.7409001168937,98510700,387.3382308959961,406.49149119059246,37.9747819868975
2022-05-20,368.6966247558594,375.6990443299585,360.09500032544264,372.12213091455766,131432200,385.6155380249023,405.9025370279948,36.40738472307285
2022-05-23,375.5950012207031,376.3614806717681,369.406362617675,371.72471605038334,76414900,384.1208999633789,405.2799794514974,39.94835288618479
2022-05-24,372.7277221679687,373.9200072669515,366.1700241726604,371.4691621082922,91448800,383.0700622558594,404.6272430419922,29.822118393089085
2022-05-25,376.0207824707031,377.9890479746067,370.83522098115014,371.2326397707966,91472900,382.12851867675784,404.13394419352215,39.09527224062866
2022-05-26,383.5342102050781,385.1712741839689,377.04278616008014,377.25096753960395,82168300,381.0639587402344,403.6415054321289,46.2708774023647
2022-05-27,392.9496154785156,393.0631636990263,385.7957888065358,385.9944981924295,84768700,381.2181991577148,403.34026590983075,61.00726388228233
2022-05-31,390.7448425292969,394.08518796704755,388.0006542200998,391.33152767867176,95937000,381.14486541748045,403.0579360961914,58.7550533777046
2022-06-01,387.584228515625,393.87694263717856,385.06713709140746,392.8644517588874,86585800,380.82360382080077,402.92323404947916,61.07306977010497
2022-06-02,394.9651794433594,395.01248157548275,385.17124122143497,387.4233771677342,79609600,380.27145233154295,402.96154429117837,65.01253787745542
2022-06-03,388.4831848144531,391.7951425251517,387.50852412899536,390.2432399078514,71874300,380.11673736572266,402.7163599650065,55.45113778561243
2022-06-06,389.6661071777344,394.22712507510215,388.492707995611,392.4954566785765,57508900,380.1380310058594,402.52123463948567,57.265274260403494
2022-06-07,393.4038391113281,393.8580609068562,385.71062891259504,386.17432268656637,59272400,380.96932830810545,402.4734629313151,54.866183393619124
2022-06-08,389.1266784667969,393.47954333395916,388.33181201108613,391.6910721501235,64350000,381.5432418823242,402.40267283121744,65.05447425149939
2022-06-09,379.8720703125,389.61867668783157,379.8720703125,387.34762585918884,86289800,381.95439453125,402.033464050293,58.3565116218383
2022-06-10,368.8575439453125,374.5162720988765,368.8102418028828,373.6646313892331,132893900,381.83421936035154,401.3321039835612,50.10225813420502
2022-06-13,354.85260009765625,361.2967210051914,353.2439234260221,359.442032834515,170004900,380.5699951171875,400.3116404215495,37.910859873211905
2022-06-14,353.78338623046875,357.63472758428236,350.6796092755737,356.6032925923492,104011800,379.3294311523438,399.1974044799805,38.722445960145784
2022-06-15,358.82696533203125,363.2744339830128,352.1273319853411,357.08579647279396,125666800,377.9516540527344,398.1692779541016,39.97349790307408
2022-06-16,346.9512634277344,351.0107858866292,344.51933296816924,350.6038951062925,134473300,376.7588806152344,396.8612121582031,29.699627302938637
2022-06-17,347.6992492675781,351.04454035549736,344.1924419666906,347.36664594017265,111113900,375.71705474853513,395.65692850748695,22.217463026294
2022-06-21,356.4520568847656,357.8395764065463,353.3538694431423,353.4299145965904,76811900,375.10482635498045,394.4930155436198,30.512083588268666
2022-06-22,355.8057861328125,359.9208378596493,351.8047441204501,352.2229054186672,90059400,374.11536560058596,393.2836349487305,31.409679172376556
2022-06-23,359.29364013671875,360.02540799730696,354.3802877819863,357.9441431467789,79292100,373.44366149902345,392.0816014607747,28.13635725976151
2022-06-24,370.7168884277344,370.72640132071564,362.43925040064084,362.46776007686213,98050300,373.178466796875,390.9810053507487,39.73266691122524
2022-06-27,369.3009033203125,371.93339374615164,368.20799359853146,371.6387840560035,66009600,372.46680145263673,389.9017573038737,38.262349187051505
2022-06-28,361.7550048828125,373.64403342980467,361.6409661729738,370.85948192125505,86548900,370.9070709228516,388.80808919270834,32.52599948171215
2022-06-29,361.46038818359375,363.2945784041764,359.63571085622056,362.3062236029839,65676000,369.4428482055664,387.6893249511719,34.02219204127795
2022-06-30,358.5238342285156,361.7645700473963,354.06663699104956,357.5639599441416,112508300,367.9898284912109,386.4604242960612,36.70044065761371
2022-07-01,362.3157653808594,362.7529525002182,355.2450743514729,357.8680810567147,74839700,366.35735778808595,385.3857233683268,45.52157451980831
2022-07-05,363.00006103515625,363.01908682641243,354.3897883879628,357.2218760257325,81438000,365.0832015991211,384.3935557047526,56.821847409917964
2022-07-06,364.2259826660156,366.7159247303021,360.75716958402745,363.1425568197513,70426200,363.81119537353516,383.38633422851564,58.720673304086276
2022-07-07,369.6810302734375,370.4793302796413,364.2449625145711,366.0031367080708,64525900,362.62505493164065,382.4889551798503,59.002424837627
2022-07-08,369.3769226074219,371.24913544426704,366.51632594229847,368.04639364512565,72397800,361.6375671386719,381.7071584065755,73.0183709933267
2022-07-11,365.1573486328125,367.6662874925925,364.4635744126361,366.696929365384,58366900,360.9018310546875,380.88074188232423,66.72740850857531
2022-07-12,361.9260864257813,366.99152847059673,360.17742508846254,364.6061122917404,62219200,360.5552581787109,379.92129974365236,55.86554692195563
2022-07-13,360.02545166015625,362.96209435929467,356.062460255415,356.4806216558157,84224600,360.81390075683595,379.0172368367513,54.40310494210077
2022-07-14,359.1510314941406,360.23442826193605,352.6220542011667,355.06446062617965,89704800,361.08228302001953,378.0957616170247,49.84260746848276
2022-07-15,366.0126953125,366.12673404152474,361.650539910931,363.56074662755304,79060400,361.44156951904296,377.17714538574216,44.22683817828949
2022-07-18,362.9905700683594,369.77613578928634,361.76459566817937,369.10138727564373,63203600,362.24353485107423,376.21336415608727,42.54944110989644
2022-07-19,372.7982177734375,373.3684403556091,366.2597563730755,366.9154789894388,78506000,363.4984832763672,375.51792297363284,62.37756315271718
2022-07-20,375.1741943359375,376.5902526755153,371.61985165018353,372.9883745137026,71843800,364.4345901489258,375.0516515096029,64.68565519982013
2022-07-21,378.99456787109375,379.04207433211104,372.1899778970926,374.5943906795809,64903900,365.59402923583986,374.61009826660154,71.51417921314331
2022-07-22,375.4782409667969,380.3155764832449,373.2543990144218,379.1181409721045,72197300,366.40325927734375,374.3056610107422,63.91400510740652
2022-07-25,375.9343872070313,376.7897064873113,373.6915196914538,376.10544526254284,53631500,366.6641342163086,373.9903732299805,63.739099991571784
2022-07-26,371.4867248535156,374.49935379005854,370.59338295368127,374.2902731538691,52946400,366.77342529296874,373.43472849527996,57.21844660194173
2022-07-27,381.1329345703125,382.8815960228277,374.4898888264092,374.78449853291994,82342100,367.74232177734376,373.28919728597003,60.50939431009063
2022-07-28,385.9132385253906,386.60698374585616,378.38636390787866,381.9407350618802,73966600,368.96496429443357,373.1842259724935,64.02325658432761
2022-07-29,391.5393676757813,392.52775161157655,386.5784802133014,387.3482705951752,87003700,370.61574096679686,373.14305775960287,71.85140098943329
2022-08-01,390.37994384765625,392.8889118778882,388.1275919584921,388.8403630121632,69997500,372.0189498901367,372.88258666992186,74.40503985944999
2022-08-02,387.8044738769531,392.49926155328086,386.6260350117583,388.81185464934134,63435400,373.25917053222656,372.8197031656901,73.55356888722126
2022-08-03,393.8773193359375,395.0462453718832,389.6481992309968,389.9332960683664,67820600,374.74173736572266,372.89698791503906,77.05875442949349
2022-08-04,393.6111755371094,394.48549174301655,391.96703995040895,393.80123040665455,45656600,375.93824462890626,373.1775426228841,73.96833894765288
2022-08-05,392.9459533691406,393.59219220020464,389.2680591655284,389.32507853281464,56814900,377.1166961669922,373.43250172932943,77.12569515296947
2022-08-08,392.4897155761719,396.88989316531894,391.387292955347,394.63754145835884,53886100,378.48331451416016,373.7798467000326,71.46704975157803
2022-08-09,390.9311828613281,392.26168307241494,389.85726979721653,391.75799267097744,44931800,379.9335693359375,374.10768229166666,67.48948750796853
2022-08-10,399.1422729492187,399.28485036063125,396.03460162898654,397.9923437821938,68665700,381.8894104003906,374.4244354248047,70.37684508906293
2022-08-11,399.1422729492187,403.85608634972215,398.40099222133176,401.993357133819,59489700,383.8889724731445,374.7668955485026,75.76579013299842
2022-08-12,405.89935302734375,406.0038788583054,400.130652464098,401.0810138483799,61694500,385.88330535888673,375.09217631022136,78.68979010321264
2022-08-15,407.5719299316406,408.0946460440883,403.6279363687809,403.6849557261061,54048300,388.1123733520508,375.7049296061198,86.48857487064019
2022-08-16,408.3702087402344,410.2994407665171,405.6901832644954,406.4979960642677,59289000,389.89097290039064,376.3688369750977,83.54399075738193
2022-08-17,405.4716796875,408.18021543915523,403.4664310836019,404.7684215424708,63563400,391.4058471679688,376.98175455729165,75.25784328330556
2022-08-18,406.6501770019531,407.3344094071018,404.3787992026303,405.67127686044,49023200,392.7886276245117,377.4993408203125,72.04674800548895
2022-08-19,401.18560791015625,404.15073107861025,400.3112625899229,403.88463102510104,68016900,394.07399597167966,377.9736389160156,64.00601885401272
2022-08-22,392.8319091796875,396.51931622755393,391.9290542056425,396.34822912534094,77695600,394.9188720703125,378.25382436116536,55.66748705937721
2022-08-23,391.8815307617187,394.7991472328157,391.33030490584025,392.40421793285645,49105200,395.93861236572263,378.3929463704427,47.45635215742154
2022-08-24,393.135986328125,394.50447996842576,390.9691636437866,391.6533959625738,49177800,396.5387649536133,378.3960525512695,49.40925001195083
2022-08-25,398.68609619140625,398.73360265745475,393.5351249523274,394.6280346959815,50942300,397.1774078369141,378.5284067789714,56.36322548037204
2022-08-26,385.19097900390625,399.11376779613755,385.13395963978553,398.5720838369905,103087000,396.8599884033203,378.4885192871094,43.72345132627242
2022-08-29,382.6439514160156,385.6946028813485,381.284941800932,382.2353030427063,65370800,396.47318878173826,378.2831654866537,42.992530003334004
2022-08-30,378.44342041015625,384.0410632057968,376.3431297512481,383.80347284610536,85652400,396.00513610839846,378.11583607991537,31.224116930572578
2022-08-31,375.5637512207031,381.3229380663818,375.4307157273297,380.07796715106764,76029700,395.0894577026367,377.8807968139648,29.673869978390698
2022-09-01,376.7422790527344,377.0843952355188,370.6789686786316,373.38750446992157,78740100,394.24601287841796,377.60310414632164,22.190022721411566
2022-09-02,372.7696533203125,381.62702632074485,370.95446001852906,380.4105651921286,99632100,393.23719787597656,377.3304870605469,18.200845337011145
2022-09-06,371.36328125,374.5564820738422,369.1394387470958,373.6156334387337,76637400,392.18087615966795,377.1886739095052,16.5580563655749
2022-09-07,378.03472900390625,378.80451936163286,370.8310028776724,371.04956742201074,70964200,391.5360534667969,377.3416269938151,26.788878745569804
2022-09-08,380.5057067871094,380.9618617031352,374.5564350669581,375.7634126219765,80821700,390.6042251586914,377.76917877197263,28.355616864742544
2022-09-09,386.4169616699219,387.2817940480387,382.4824514443837,382.74855148359427,76706900,389.96795959472655,378.3130716959635,37.863154362517115
2022-09-12,390.570068359375,391.29235238310486,388.1846517040693,388.4887743459273,69256300,389.2014953613281,378.8421234130859,48.00337494181135
2022-09-13,373.5870361328125,383.0906492168183,372.46561674955393,381.88367179340526,122947100,387.5022506713867,379.28605295817056,37.413359424537816
2022-09-14,375.0125732421875,376.53315711649486,371.7053054907733,374.88902163325827,85023700,385.83436889648436,379.74127502441405,37.5603478179268
2022-09-15,370.7550048828125,376.305112280204,369.48152401791003,373.45402792521134,87633800,384.09853515625,379.97965749104816,30.482180221969912
2022-09-16,367.9264831542969,368.58492846304785,364.6342566105422,366.5714428970576,103084800,382.1623504638672,380.1816691080729,35.822324382655864
2022-09-19,370.77978515625,370.77978515625,364.70111961719556,364.77747715242447,73278500,380.6420593261719,380.37310485839845,40.305861641618726
2022-09-20,366.5237731933594,368.4609306805626,363.7659614872204,367.44941174370973,77274900,379.32665252685547,380.3032196044922,40.269350908059046
2022-09-21,360.130126953125,371.5049508543684,360.1205749829473,368.451290827239,106746600,377.7390823364258,380.15037333170574,38.08433928540294
2022-09-22,357.10516357421875,360.9985532046951,356.36083780125125,359.35721571534805,89472600,375.93754119873046,380.0728759765625,35.2592729023748
2022-09-23,351.121826171875,353.66969747004003,346.67494767880726,353.63151871507495,122346900,373.55932769775393,379.90056660970055,34.22608749794307
2022-09-26,347.64837646484375,353.27853570562985,346.42691809015844,349.6523393463072,92581200,371.6821975708008,379.719308980306,33.22521288776139
2022-09-27,346.7608947753906,353.4598260291323,344.3656797923764,351.1886701822386,108294100,369.8880447387695,379.4600611368815,25.906950390625923
2022-09-28,353.58392333984375,355.27296245080464,346.01660643811806,347.71519752115427,110802200,368.6450698852539,379.3031255086263,30.563079826009783
2022-09-29,346.1979064941406,350.3203103402681,343.24923029563433,350.03404240715685,112952300,367.1767776489258,379.0026575724284,21.568201901237813
2022-09-30,340.8444519042969,349.17519794486384,340.7108699138818,345.25315265968237,153711200,365.3818862915039,378.5220479329427,15.434405283708259
2022-10-03,349.84320068359375,351.6944777642895,342.7816430249758,344.56611454293574,89756500,364.23556365966795,378.1964859008789,31.434193395668117
2022-10-04,360.6836853027344,360.71231209913736,349.8050658415785,355.36842016959133,103602800,363.7015838623047,378.1219248453776,40.23385711569845
2022-10-05,359.8438720703125,362.10547600581526,353.9846987017383,356.3131081925854,88065700,362.792041015625,378.08722127278645,42.199899819710375
2022-10-06,356.1318359375,361.3993701215644,355.6355993235401,358.44114174816866,82333500,361.5733474731445,378.02232767740884,41.67347819885997
2022-10-07,346.1979064941406,356.2176918591457,344.432509914981,352.09525889115315,107789500,359.5623947143555,377.8064422607422,34.22345414141208
2022-10-10,343.5545959472656,347.5529700367685,341.31209570408595,347.3144037026543,76042800,357.21162109375,377.43214060465493,34.94687182998986
2022-10-11,341.3788146972656,346.4268856317471,339.441657555121,341.85594728520135,92482800,355.60121002197263,377.07194468180336,36.99195649384935
2022-10-12,340.2528381347656,343.36375237835983,340.0047198340521,341.7892204341487,76991800,353.86322326660155,376.52952168782554,37.99295950738295
2022-10-13,349.2324523925781,350.7020290219594,332.18925999717504,333.23895758959026,147254500,352.78709564208987,376.09715932210287,48.70897016645279
2022-10-14,341.2738342285156,353.32620716656004,340.6344637944201,351.6943928689464,123737000,351.45446319580077,375.4684804280599,45.89577503421809
2022-10-17,350.0435791015625,351.1505302643893,340.9398806417008,347.36209613161253,93168200,350.4176528930664,375.04456939697263,51.91878823814402
2022-10-18,354.1564025878906,358.2788347086289,350.7114905175132,357.9734628948278,97162900,349.79928436279295,374.6816029866537,50.34557334890584
2022-10-19,351.6466979980469,354.8434919860376,348.8316042350714,352.11427858955096,79746900,349.37511291503904,374.35093587239584,53.49487433046848
2022-10-20,348.69805908203125,355.6260339289677,347.9346294295258,351.1982293100266,88283100,348.9547576904297,373.8103546142578,55.19767555058436
2022-10-21,357.1719055175781,357.65856093354137,346.91355531677885,348.4212814163938,131038400,349.2572616577148,373.3313323974609,54.88421926971112
2022-10-24,361.5425109863281,362.6780890904026,356.0459332134546,358.69881886172783,85436900,349.95196838378905,372.83138478597004,50.62638221646089
2022-10-25,367.3158264160156,367.63072116367647,361.35166805839594,361.4661752393635,78846300,350.97971496582034,372.446982828776,55.08379591312981
2022-10-26,364.5483703613281,369.8540823855379,363.9090290046154,364.1666701170704,104087300,351.5279373168945,372.05938110351565,55.80103664084951
2022-10-27,362.6017150878906,367.3921160917615,361.9814193866082,365.55039117436706,81971800,352.348127746582,371.53812103271486,62.70508193822936
2022-10-28,371.2282409667969,371.7053735710983,362.31540741307015,362.49672013245373,100302000,353.86731719970703,371.16507212320965,69.61576200381408
2022-10-31,368.5467529296875,370.63659603718315,367.6402184672529,368.7662444084812,96631300,354.80249481201173,370.7584187825521,69.12022879695601
2022-11-01,366.93408203125,372.5356437948338,365.76035435229414,372.29707747025043,85407600,355.1150146484375,370.3324915568034,68.64994191431477
2022-11-02,357.72540283203125,370.85610174230845,357.62044763501416,366.34241671143474,126990400,355.00909118652345,369.77906188964846,55.91754388874642
2022-11-03,354.0420227050781,357.08613172387004,351.9235523083306,354.4809766440454,87100100,354.9046005249023,369.0273910522461,59.45994466768504
2022-11-04,359.1377868652344,361.5425251743016,353.0781957888094,359.7580535469761,103505200,355.55159454345704,368.36064961751305,57.12583160886036
2022-11-07,362.5730895996094,363.16472938893213,358.3552244250396,360.435515659066,68286900,356.50251922607424,367.63854522705077,56.66572891410186
2022-11-08,364.529296875,367.50659956170625,360.44504309059437,363.679986890698,84641100,357.66004333496096,366.9211680094401,60.29281604416964
2022-11-09,357.0192565917969,363.7086651999319,356.52302003221314,362.5539832992573,78495500,358.4983642578125,366.06531880696616,56.19672134128022
2022-11-10,376.6390075683594,376.973006277867,368.00291747292925,370.3026714261787,141455800,359.8686920166016,365.5847742716471,62.4330302151453
2022-11-11,380.28424072265625,381.08582000984256,375.60831786460767,377.4977734770305,93839900,361.81921234130857,365.1453420003255,62.08169999059635
2022-11-14,377.0493469238281,381.8779276043328,376.7726017987613,378.5189238202029,71903500,363.16950073242185,364.7430709838867,56.486933714287574
2022-11-15,380.2651672363281,383.91046764433503,376.44810606485254,382.8035164099832,93194500,364.4749389648438,364.53362528483075,60.412279424846744
2022-11-16,377.3642272949219,379.5876526465697,376.73440869768956,378.63338733958733,68508500,365.7608154296875,364.29167022705076,59.65795515802503
2022-11-17,376.20953369140625,376.88708300619,372.2970693510568,372.60241210724644,74496300,367.1363891601562,364.00956268310546,53.61199515116753
2022-11-18,377.9176635742187,379.61625454437336,375.0644198124641,379.54944898801807,92922500,368.1736770629883,363.6634221394857,56.89224992794991
2022-11-21,376.5435485839844,377.7173054097724,374.70182350827446,376.59127932303574,51243200,368.9237289428711,363.51929829915366,57.092595237140635
2022-11-22,381.6107177734375,381.772955700867,377.0779572405803,378.4902804799536,60429000,369.6384735107422,363.50207773844403,68.77733804457772
2022-11-23,384.0154418945313,384.5020973782574,381.0476617682043,381.2766761134872,68261600,370.61182708740233,363.5949447631836,74.04691916973573
2022-11-25,383.9295349121094,384.4830250793276,383.175686313319,383.45240227506304,30545400,371.67821807861327,363.73437449137367,71.62840849187712
2022-11-28,377.8031921386719,382.4790864541177,377.0397623978261,380.837748913633,67881600,372.00696563720703,363.7520563761393,62.690912974707686
2022-11-29,377.1542663574219,379.1295732981502,375.312512286855,377.9367417321205,52310000,372.4373413085938,363.82513326009115,60.75441425038202
2022-11-30,389.0348510742187,389.03485107421875,375.48430196447526,377.4023553187591,144566700,373.54237976074216,364.1196594238281,75.38211553638921
2022-12-01,388.7486572265625,391.24882800455583,386.2389344752292,390.075071036669,76398200,375.0935424804687,364.2982248942057,63.84476628764226
2022-12-02,388.3001403808594,389.20667504467707,383.74830487189024,383.8532600881966,85342700,376.8064483642578,364.4281321207682,59.88715026179787
2022-12-05,381.31488037109375,386.41065374736974,379.9598399084257,385.47549236036787,77289800,377.9153030395508,364.34309743245444,54.815749924028765
2022-12-06,375.81829833984375,381.69657620844976,373.7284840801718,381.1526671084108,77972200,378.5775634765625,364.0972345987956,45.22541143410991
2022-12-07,375.1788635253906,377.5454514150904,374.04328574687645,374.9689240422571,65927900,379.110041809082,364.12376505533854,47.53381575630338
2022-12-08,378.1180725097656,379.18684498444895,375.2839034087124,377.068403979044,60737900,380.1649826049805,364.17552337646487,52.07039865246476
2022-12-09,375.2934875488281,379.43499580414664,375.16942838990695,376.8775715745364,81447700,380.0977066040039,364.25116475423175,47.22059710504325
2022-12-12,380.70416259765625,380.70416259765625,375.41752454941917,376.08549280299235,75405800,380.1187026977539,364.46412607828773,54.059602171791134
2022-12-13,383.58599853515625,391.7163278716569,380.8186351718438,391.45868674150205,123782500,380.44553527832034,364.6775629679362,52.0131777515959
2022-12-14,381.1335754394531,386.9545999060633,378.1848989989114,383.2424937114521,108111300,380.48895568847655,364.92105967203776,47.06569611607822
2022-12-15,371.8103332519531,377.17329870946276,370.1499212179962,376.2667351726121,117705900,380.2112609863281,365.1157297770182,39.613978376512286
2022-12-16,367.4207153320313,370.59383534034583,365.2829507209457,369.2517350620785,119858000,379.7718200683594,365.28765563964845,40.82934884395449
2022-12-19,364.3051452636719,367.94802264552084,362.63710828294205,367.61249023125134,79878100,379.09119415283203,365.5073776245117,39.124505095757236
2022-12-20,364.80364990234375,366.42376617165866,362.224886337841,363.5478242860952,74427200,378.50419921875,365.79329884847004,24.595971230387292
2022-12-21,370.2583312988281,371.38952801231983,366.86471190276114,367.40155201274337,78167400,377.9365798950195,366.18492279052737,32.51014218983548
2022-12-22,364.9761657714844,370.23912957543627,359.2722031883447,367.20980089104194,100120900,376.9846160888672,366.3747934977213,29.786406842598026
2022-12-23,367.0756530761719,367.2194443247234,362.39744941933026,363.95045341487634,59857300,376.1419219970703,366.72275594075523,36.51792953474113
2022-12-27,365.6280517578125,367.3056844290648,363.9504190865602,366.96058546509136,51638200,375.53316497802734,367.1358159383138,39.55040131786478
2022-12-28,361.0840759277344,367.53578243852644,360.8540099500132,365.5609421925815,70911500,374.72965545654296,367.3231638590495,36.61808678318112
2022-12-29,367.5836486816406,368.45602105881045,363.40393208638665,363.9312055480632,66970900,373.65709533691404,367.4381632486979,40.63172715657103
2022-12-30,366.6154479980469,366.7592392294088,362.78085913190785,364.8994905444754,84022200,372.5504348754883,367.55102284749347,42.01910058624228
2023-01-03,365.072021484375,370.4500180533657,362.2056465586836,368.4752072280289,74850700,371.38902893066404,367.7000259399414,34.52272609158601
2023-01-04,367.8905029296875,369.92283055639075,364.28597966385496,367.3344711039099,85934100,370.7178100585937,368.0615692138672,34.44047925901455
2023-01-05,363.6916198730469,366.0498840558089,363.09726322382664,365.9348510599075,76970500,370.1114761352539,368.3971862792969,33.2878348205148
2023-01-06,372.0318298339844,373.153460042991,363.72037415912655,366.78802795358683,104189600,369.9541244506836,368.90806986490884,50.216303657194764
2023-01-09,371.8209228515625,377.4194487549502,371.6388067821009,374.2271369047477,73978100,369.63926696777344,369.43420461018883,54.67891480173357
2023-01-10,374.428466796875,374.4955791323068,370.2966990841329,371.2361840133922,65358100,369.5960159301758,369.85413818359376,60.88209957097652
2023-01-11,379.1642150878906,379.24092326423306,375.1954300022919,376.01028615624546,68881100,369.5190185546875,370.48564453125,64.14809336111438
2023-01-12,380.5446472167969,382.011376504994,376.19240927348505,380.26666054687666,90157700,369.36695098876953,370.9939956665039,61.018698921216085
2023-01-13,382.0209655761719,382.5961598321735,377.0743417835104,377.34276186889844,63903900,369.4113204956055,371.45840504964195,69.87927021120595
2023-01-17,381.3211364746094,383.67942996148565,380.64050506445955,382.00179714035386,62677300,369.8868606567383,371.9529790242513,67.17518098851593
2023-01-18,375.30078125,383.5739112290624,375.09947353048597,382.5098268846119,99632300,370.2808639526367,372.39635772705077,60.5038157010431
2023-01-19,372.5686950683594,374.9077675297641,371.2457571335137,373.2588930285292,86958900,370.6940414428711,372.6529708862305,62.98225327274709
2023-01-20,379.50927734375,379.66266441415144,372.31942298138915,373.96829741871426,91806400,371.42932281494143,372.9524169921875,63.347690500018786
2023-01-23,384.0628967285156,385.99935386476415,379.3559346776604,380.31458203818664,84178800,372.11955108642576,373.2315348307292,68.07710208861896
2023-01-24,383.6506652832031,384.56136267462904,381.1965305092897,382.38524381226813,59524900,373.0532760620117,373.54990641276044,69.71115708767601
2023-01-25,383.79443359375,384.12996598342204,377.2852105542449,379.57639153162364,84800300,373.88921508789065,373.90311838785806,67.88867377902267
2023-01-26,388.012451171875,388.175434067063,383.4876352529639,386.4594474008895,72287400,375.00843505859376,374.1828552246094,77.3441976548931
2023-01-27,388.9039916992187,391.28144730327597,386.7566313185161,386.96753487416305,68346200,376.399430847168,374.5221425374349,72.78606690411637
2023-01-30,384.0245056152344,388.3767724039486,383.7273273025726,386.1431078861568,74202000,377.22147369384766,374.8069829305013,64.63555585810923
2023-01-31,389.67095947265625,389.7188801347345,384.19706240377985,384.5421906397612,86811800,378.37424926757814,375.3394088745117,67.0381544188281
2023-02-01,393.8122253417969,396.5635671519253,385.7116747281049,388.4533914496531,101459200,379.8112594604492,376.0022455851237,66.59418025124327
2023-02-02,399.5450134277344,401.01174260046105,395.8062948752539,397.704397771963,101654500,381.39398498535155,376.67569936116536,69.5927158111509
2023-02-03,395.29827880859375,399.7272253125253,394.09037366912213,394.5696973904238,94736800,382.9743179321289,377.2211191813151,62.9512629737082
2023-02-06,392.88238525390625,394.2820312874674,391.2239442533102,392.8440604283562,60295300,384.016845703125,377.69367065429685,60.91202209370586
2023-02-07,398.020751953125,399.26698166926644,390.7158646278332,391.9620943439746,90990700,385.32683715820315,378.377028910319,71.80719376582479
2023-02-08,393.66851806640625,397.38807436741587,392.9782908223468,396.0459739638543,76227500,386.28883972167966,378.6608540852865,69.64126933804229
2023-02-09,390.2557067871094,397.42639877292254,389.02863947326034,397.27301170174235,78694900,386.8434143066406,378.8270451863607,60.70676917594679
2023-02-10,391.16644287109375,391.54989593055205,388.26174279369724,389.0765695741987,70769700,387.37450408935547,379.0623301188151,57.63127508443716
2023-02-13,395.75836181640625,395.8925864844252,391.3581741107854,391.8183353582287,64913500,388.0613739013672,379.32055002848307,61.935346458820085
2023-02-14,395.5762634277344,397.8865778364983,391.6170451224685,394.2341337099117,88389300,388.7741302490234,379.6240839640299,61.60534835554302
2023-02-15,396.8608093261719,396.9374882356896,392.5373007553342,393.38091503799455,61555700,389.85213165283204,379.96827189127606,59.25040406689423
2023-02-16,391.396484375,395.83502566820573,391.2622889776,391.88540381719497,76431500,390.79352111816405,380.1929189046224,52.37834821948577
2023-02-17,390.4187316894531,390.6583935285287,387.341452611694,389.26834315965215,89257800,391.33899383544923,380.42417195638023,56.592267710391525
2023-02-21,382.5865478515625,387.44689668905306,382.3277236123021,386.39237880681736,82655900,391.2651763916016,380.4404357910156,43.01114762626731
2023-02-22,382.0592956542969,384.54218860202,380.6021330632425,382.9987512663258,83742300,391.18560791015625,380.40783335367837,37.515382091808874
2023-02-23,384.0916137695313,385.567938737912,379.86397585252666,384.95439045031753,96242400,391.2004669189453,380.41053466796876,32.183888634395046
2023-02-24,379.9886169433594,380.8226354035622,377.36193273433554,379.0683237378521,108194400,390.79927520751954,380.44695841471355,32.29090991244777
2023-02-27,381.28277587890625,384.69555770016393,380.3432910551879,383.3342657519672,80444700,390.41821441650393,380.5157669067383,36.224952053195985
2023-02-28,379.8736572265625,382.7687620646361,379.76819079156155,380.8035464461198,96438600,390.21067199707034,380.36308034261066,26.355238442122
2023-03-01,378.4163818359375,380.2857555557943,377.1126357022291,379.058688324708,99706800,389.6479431152344,380.19087575276694,28.50570105419621
2023-03-02,381.3595275878906,382.20314199789544,376.10612919733177,376.44166164525603,85127800,389.0253082275391,380.07519887288413,37.29473972325715
2023-03-03,387.4756164550781,387.7248740903768,382.5289933624495,383.18086644105557,90120000,388.4218383789063,380.17787780761716,45.411152620599495
2023-03-06,387.74407958984375,390.60085911261217,387.3031100177366,388.3000821585358,72795900,388.04412841796875,380.37664082845055,38.835473174049866
2023-03-07,381.8004150390625,387.93578060753197,381.18689603557027,387.69611880425083,108310600,387.4900299072266,380.4870000203451,33.46367302979354
2023-03-08,382.4235534667969,383.1808636899206,380.1898891101756,381.91547162159134,74746600,386.71016998291014,380.55875803629556,32.39010379520292
2023-03-09,375.3678894042969,384.87768235160564,374.38048397400695,383.20961635596575,111945300,385.7951385498047,380.5599980672201,31.1796824777998
2023-03-10,369.9515380859375,376.9017301661393,368.42729257488133,374.82145290553643,189253000,384.7799301147461,380.3807876586914,28.23649363873966
2023-03-13,369.4243469238281,374.2463714168759,364.9091258748091,366.02116036617707,157790000,383.6928253173828,380.14476013183594,33.42994419262959
2023-03-14,375.5309143066406,377.1797888194533,371.0444227448801,374.3517676052174,149752400,382.6814529418945,380.05138244628904,42.79366743382581
2023-03-15,373.1822509765625,373.3835587348281,367.84257804775535,369.9324515707467,172996900,381.56175231933594,380.0742477416992,38.04125435726562
2023-03-16,379.729736328125,380.074864540284,370.3158428605711,370.8239247170232,143254200,380.70519866943357,380.2793980916341,49.730652409840154
2023-03-17,375.2897033691406,379.5334763060183,373.9039803951704,378.3979622867853,140553400,379.8998596191406,380.4624740600586,44.14771592815656
2023-03-20,378.8982849121094,379.31209873462535,375.36663899144173,376.06910344638334,93055800,379.32383728027344,380.6973846435547,49.08676960283721
2023-03-21,383.8734436035156,384.3545965453815,380.6689485650316,382.26637985609574,91524200,379.38818206787107,380.92430318196614,54.793607629582645
2023-03-22,377.3297729492187,387.31851343521214,377.29130185553555,383.70026302343734,111746600,379.1517059326172,381.1301966349284,46.67076453891622
2023-03-23,378.3497924804687,384.2390994049272,375.6360830177107,380.19740321072396,119351300,378.86461486816404,381.31809895833334,41.76736016474361
2023-03-24,380.8326110839844,380.91921510254883,374.7219619246639,377.069990985465,107682400,378.9068145751953,381.5715082804362,44.00452159272311
2023-03-27,381.544677734375,383.88310351821207,380.6497402466303,383.11324113581304,74010400,378.91990966796874,381.9125183105469,49.756010355875496
2023-03-28,380.688232421875,381.54466943004763,378.8502245684134,380.8518079845922,62871700,378.96063842773435,382.1309280395508,48.351731170696105
2023-03-29,386.2214965820313,386.46207306808367,383.6521267894026,384.8550092196648,77497900,379.35089416503905,382.45769551595055,60.616162550856856
2023-03-30,388.48291015625,389.10840312839423,386.6160343292529,388.85819419263817,69840000,379.70706329345705,382.8478769938151,69.31825122927033
2023-03-31,393.95843505859375,394.2567475446969,389.30084855820127,389.40671748046964,112062600,380.0312042236328,383.2823425292969,73.18398602846557
2023-04-03,395.4596557617187,395.8638078292274,393.0442583450311,393.43880732243116,67391100,380.41698303222654,383.81180979410806,70.62744842861494
2023-04-04,393.265625,396.3931196515644,391.8895050342017,396.10441021722386,66601500,380.99024353027346,384.16570638020835,70.85425861749891
2023-04-05,392.2359619140625,393.2945044696635,390.58079429091845,392.53427444783404,65200200,381.4808639526367,384.50595703125,64.66699307386824
2023-04-06,393.7659301757813,394.04500709302937,390.38822726994033,391.43713711455257,63743300,382.40076599121096,384.8282480875651,73.25583807275422
2023-04-10,394.1701049804687,394.2471058980047,390.66732678096605,391.28318728502614,63681000,383.6116943359375,385.0783462524414,70.90916535817335
2023-04-11,394.2760314941406,395.6809900883233,393.50619840980073,394.7956849780574,59297900,384.8542785644531,385.3072026570638,66.4336803861485
2023-04-12,392.66888427734375,396.6336089865583,392.08189181419215,396.34489961567357,86420400,385.71117706298827,385.48466796875,78.71021323944387
2023-04-13,397.8846435546875,398.2406920585318,392.6111963601302,393.75634279356007,85814800,386.94629669189453,385.7607264200846,81.60015402235314
2023-04-14,396.9126892089844,399.44355846247794,394.6031608879993,397.2495021524552,78161500,387.8054443359375,386.1209248860677,77.348411554895
2023-04-17,398.3369445800781,398.356180127704,395.59436663010166,396.82611712486937,66436400,388.9578063964844,386.55039571126304,77.88417392256177
2023-04-18,398.59674072265625,400.0498321097644,397.2206502574761,399.9150951800139,63560000,389.9427291870117,386.86852010091144,80.33890383593328
2023-04-19,398.5294494628906,399.4339901497687,396.6240728742949,396.6818088890477,55227300,390.67552947998047,387.10962931315106,75.59025341081136
2023-04-20,396.3545837402344,398.10598763661955,394.80525587274064,395.7098258250606,75840400,391.62677001953125,387.3213612874349,66.42561575601817
2023-04-21,396.6624755859375,397.124363590132,394.70899592221565,396.6528431301023,73457400,392.5424041748047,387.53582865397135,57.193914003637346
2023-04-24,397.0762939453125,397.4997108968018,395.1228141148149,396.4604040641478,64332100,393.3545883178711,387.6868927001953,54.56508700328176
2023-04-25,390.7732238769531,395.6617550067555,390.71548786392196,395.103601057788,97766700,393.816015625,387.7180465698242,44.287566814435976
2023-04-26,389.1179809570313,392.46681590055556,388.55985648339924,391.38903804302885,80447000,394.2375030517578,387.8029378255208,43.052986868873795
2023-04-27,396.8645935058594,397.1340379925136,391.4083059420538,391.65851488224934,92968400,394.76965789794923,387.9228317260742,55.406316323042475
2023-04-28,400.2519226074219,400.26155506482286,395.92154566069996,395.97928167060974,89433100,395.3581085205078,388.03016001383463,59.61067156887814
2023-05-01,399.8477783203125,401.8782298985706,399.6168049089298,399.8092778572073,62122300,395.65257568359374,388.0352060953776,58.722432907853495
2023-05-02,395.353759765625,399.1837478908785,392.4476064659251,399.1356149746384,103998500,395.64728088378905,388.0361307779948,53.85469426383219
2023-05-03,392.64007568359375,398.26957154429016,392.3994991884123,395.8541741351487,91531800,395.6160034179687,388.03209228515624,41.887495373832095
2023-05-04,389.8590087890625,391.91832822239473,388.5213894409254,391.59114772802405,94901900,395.4971557617188,387.89606323242185,39.667385801892365
2023-05-05,397.0762939453125,398.12520386737816,393.23670274642825,393.4965147709688,87891800,395.6626739501953,387.95285949707034,48.42127067283548
2023-05-08,397.18218994140625,397.6633429667236,395.77723133030975,397.40353090526224,50046800,395.8132781982422,388.0683008829753,48.221684764927225
2023-05-09,395.4403991699219,396.55667765861574,395.2094551264847,395.63287211761855,49220100,395.8714965820312,388.1395334879557,46.27346799928725
2023-05-10,397.2880554199219,398.91435498071894,393.4580667995226,398.2792294687583,96142900,396.10245513916016,388.16502838134767,51.135071589515846
2023-05-11,396.59515380859375,396.8838338451928,394.5165694433399,396.4219457866343,70157100,396.0379806518555,388.1820098876953,49.9188982514963
2023-05-12,396.0755310058594,398.04827596600416,393.6505304091499,397.8365674670435,70481500,395.9961227416992,388.1689219156901,48.79745828159711
2023-05-15,397.4420166015625,397.8461686821511,394.76680705489645,396.6817866269805,54289400,395.9513763427734,388.2696807861328,59.092055170692156
2023-05-16,394.7860107421875,397.2591440489676,394.7763782852964,396.3353092048242,57705500,395.76083984375,388.3424687703451,57.5223690541571
2023-05-17,399.5783081054687,400.18453618231763,395.1613273420889,396.8068622851723,87287000,395.8132827758789,388.6256647745768,53.90797838818462
2023-05-18,403.4275817871094,403.8509988046538,399.03946848460396,399.26078008428595,97177200,396.1669326782227,388.98180287679037,54.51317086033892
2023-05-19,402.8405456542969,404.86139419112027,401.6184275681808,404.3321376214222,103793300,396.4758361816406,389.2942850748698,54.231253467904565
2023-05-22,403.0040893554687,404.54378464321184,401.61836653322445,402.8597493463277,60745400,396.77222595214846,389.6778762817383,62.325505929553294
2023-05-23,398.4812622070313,402.9367433972177,398.08671324851565,401.35854756315524,86383500,397.15762786865236,389.96451772054036,58.89240324022381
2023-05-24,395.5943603515625,397.25916026310097,394.42997834283796,396.8742437459542,89213700,397.48144683837893,390.22652943929035,58.70323889264514
2023-05-25,399.02008056640625,400.47317167265174,396.86452504501534,399.1066845614005,90961600,397.58922119140624,390.5699244181315,53.33320076027163
2023-05-26,404.187744140625,404.90947362025605,399.59755522238083,399.67452677861917,93830000,397.78601226806643,390.9503946940104,60.23613410005425
2023-05-30,404.3417053222656,406.6512337191027,402.955982410714,406.1219771957275,72216000,398.0107086181641,391.2314961751302,63.638965212170454
2023-05-31,402.0995788574219,403.41793341434715,400.53101533620446,402.5133634004825,110811800,398.3479995727539,391.4707544962565,57.284366776072645
2023-06-01,405.9198913574219,406.9784337458306,401.0794937409788,402.3304796935779,88865000,399.0119903564453,391.87274576822915,62.895937914402744
2023-06-02,411.78997802734375,412.5790465929496,407.9696222034908,408.49887873292437,91426200,400.10853881835936,392.36218617757163,68.93113364524262
2023-06-05,411.0008544921875,413.4258547804784,410.298360615152,412.13636840253633,65460200,400.8047668457031,392.95606892903646,66.5647099527848
2023-06-06,411.8958129882813,412.4250695118066,409.9327006351518,410.5870909976928,64022200,401.5404479980469,393.65514017740884,71.84276593324233
2023-06-07,410.4715881347656,413.4258744271593,410.0481711705742,412.2903604628489,85373300,402.29200744628906,394.3392608642578,65.21503025095038
2023-06-08,412.9543762207031,413.40666121291997,409.7691457275,410.53897877639116,61952800,403.0753234863281,394.9629852294922,63.83450742924403
2023-06-09,413.69537353515625,415.7065896969759,412.7041994579485,413.75310954996445,85742800,403.9303344726562,395.63820393880206,65.69286386791012
2023-06-12,417.44830322265625,417.5253041431819,413.9551573440261,414.6768867959098,76104300,404.9989730834961,396.2668467203776,68.91860779307163
2023-06-13,420.2004699707031,420.8451984353185,418.24699029785324,418.91098367422893,95899700,406.13689575195315,397.01535949707034,79.83083029797486
2023-06-14,420.7008666992187,422.5100064056292,417.246192203358,420.5372911495027,100612100,407.43263854980466,397.71206919352215,86.90238668537437
2023-06-15,425.9166259765625,427.1676119841462,419.7867416783568,419.8829487810575,110303100,408.7495544433594,398.4127888997396,87.55714456167851
2023-06-16,424.4658508300781,428.4742491472454,423.99257880127806,427.9043831698667,114165800,409.8014678955078,399.1983901977539,81.5950815229019
2023-06-20,422.26361083984375,423.4130109410261,420.1869737539229,422.52441742791524,76160400,410.77262115478516,399.93028717041017,76.24852167274676
2023-06-21,420.1000671386719,422.0801103736596,419.51086470582334,421.2784425280354,76982300,411.62742004394534,400.5847447713216,76.42443964991999
2023-06-22,421.6165161132813,421.7227488220665,418.80580025695025,419.14386433493524,70637200,412.7841827392578,401.25260874430336,74.71408184740457
2023-06-23,418.4291076660156,420.2159925909701,417.71436548656794,418.1586622892244,92074500,413.9259201049805,401.8816233317057,61.41773443379729
2023-06-26,416.7195434570313,419.781368562751,416.47807329831915,417.8592755318311,72823600,414.8108932495117,402.3899241129557,59.532990792084284
2023-06-27,421.28814697265625,421.90629521825156,417.1445110170716,417.59847607026,72813700,415.6659133911133,402.9366780598958,63.94852197369889
2023-06-28,421.5006103515625,422.5147730975973,419.58815632826764,420.2063045276252,75636000,416.52385864257815,403.3957143147787,66.99068471614571
2023-06-29,423.1619262695313,423.3261389375307,420.67963558379535,421.08528892018165,67882300,417.5769760131836,403.8574188232422,66.13351495220452
2023-06-30,428.1555480957031,429.14073568910436,426.05957423925753,426.3783313417032,104964000,418.68875885009766,404.4389175415039,70.14668103232017
2023-07-03,428.6481018066406,428.9281859198321,427.52767692487674,427.8077905144009,32793400,419.5316650390625,405.04578653971356,67.16346293249475
2023-07-05,428.0106201171875,428.7446987114959,426.8225765200303,426.83224475721846,58418400,420.3821533203125,405.6165313720703,62.798415319511555
2023-07-06,424.6590576171875,425.0840474287703,422.1477622241082,424.42725571135543,80658300,421.0203155517578,406.1246805826823,55.93194603247206
2023-07-07,423.58685302734375,427.5373299461191,423.34538291856603,423.6641399688983,86134200,421.6760787963867,406.61319427490236,46.0133643315641
2023-07-10,424.6590576171875,424.83290904656155,422.659677750378,423.2295437531058,62443500,422.2613128662109,407.14636383056643,50.334949088373435
2023-07-11,427.3634948730469,427.8561033801802,424.4465462578362,425.4220950342892,64463800,422.9447189331055,407.63767801920574,58.68999765996725
2023-07-12,430.8020629882813,432.2122699147005,429.7299496500487,431.1594635773627,91924500,423.6124069213867,408.20250091552737,67.47639052930072
2023-07-13,434.22119140625,435.01322041064935,432.1831979055365,432.61782640087955,72425200,424.3134429931641,408.8005716959635,69.37921572896212
2023-07-14,433.9508056640625,435.9598242076378,433.18775178790105,435.1098740968055,69815800,424.97593994140624,409.3898061116536,76.21545728284758
2023-07-17,435.45758056640625,436.51038682135163,433.7576213779186,433.8059330908804,52680200,425.45298767089844,410.0052749633789,81.86599434100526
2023-07-18,438.6933288574219,439.3404523774336,434.69456887177944,435.129226948945,80668200,426.16436157226565,410.710920715332,81.0048850390379
2023-07-19,439.6688537597656,440.8568680135883,438.61601798371265,439.48533409064345,65891700,427.03462371826174,411.4276936848958,81.50761417558701
2023-07-20,436.7518615722656,439.5722457578469,436.0371193951603,438.6739839174844,70591600,427.8672134399414,412.08895314534504,72.58425575896868
2023-07-21,436.7518615722656,438.6739839174844,436.74222281063936,438.47112777830426,71275600,428.6239807128906,412.85526377360026,67.12852045445149
2023-07-24,438.7030029296875,439.51433913835893,436.867806113997,437.9013054836041,54023400,429.6376754760742,413.68168080647786,68.9342471389937
2023-07-25,439.9005737304687,441.15620646563485,438.38413442126745,438.43244612728506,55191200,430.7967269897461,414.39894714355466,71.92727714781617
2023-07-26,439.96826171875,441.39774607749916,437.91093141721467,438.9637376866275,71052900,431.7307327270508,415.0608861287435,82.12390241903259
2023-07-27,437.05126953125,443.7641509737044,436.14333947921443,443.35846818342566,92194400,432.50826568603514,415.68094431559246,76.22275211647319
2023-07-28,441.33013916015625,442.16078225681895,437.05126606431355,440.3256151682766,80011800,433.4166763305664,416.4472173055013,78.86285391838399
2023-07-31,442.1705017089844,442.5278728257474,440.4898493694529,441.8034623534966,62040400,434.11742401123047,417.27272440592446,77.40440010302152
2023-08-01,440.9051208496094,441.64883818871544,439.94887915495036,440.7022647310359,55291500,434.7302749633789,418.12349294026694,70.3341723574119
2023-08-02,434.7718200683594,438.0461398306252,434.0184344125547,437.7853626915781,93933400,435.0683349609375,418.7517517089844,50.999081927708175
2023-08-03,433.5258483886719,435.4093273640729,432.1060027164115,432.75315569310766,64276100,435.51167449951174,419.3574793497721,49.25530538094672
2023-08-04,431.5651245117187,437.44733404641704,431.04354071502667,435.34172133475255,100128900,435.9105880737305,419.9595581054688,43.28568931863014
2023-08-07,435.33197021484375,435.4865146243049,432.7047742066685,433.4002093110776,58357500,436.4442337036133,420.59362335205077,44.30613352632533
2023-08-08,433.43896484375,435.32244400240916,430.0776893906939,432.7918118040874,71361300,436.7480072021484,421.20768686930336,39.76520346659798
2023-08-09,430.5412902832031,433.87359024306414,429.7782363330844,433.7093775665813,78789600,436.7349685668945,421.78211619059243,39.790459295885476
2023-08-10,430.69573974609375,436.2881956069427,429.52703269634964,432.8979459150622,93005500,436.5586959838867,422.33634490966796,40.094657473118694
2023-08-11,430.4446716308594,431.4588639187083,428.2231581026232,428.8219993419041,68690900,436.3833892822266,422.93065592447914,35.69733480336873
2023-08-14,432.82073974609375,432.82073974609375,429.21802398769285,429.52711285274876,47867400,436.2515472412109,423.4846964518229,38.21928326085251
2023-08-15,427.7788391113281,431.40089107368914,427.2089436634091,431.0434905199487,75707500,435.70582275390626,423.8905507405599,32.59778271746514
2023-08-16,424.63970947265625,429.0247856402229,424.53344729188865,427.3634700312785,80107200,434.9543655395508,424.25387013753254,32.39232834011608
2023-08-17,421.404052734375,426.3686636613096,420.8824689600864,426.10788651233355,95711300,434.1869750976563,424.56053619384767,20.869604788367525
2023-08-18,421.6068420410156,422.6403412596287,418.2359284981317,418.58363133261804,98852000,433.4297241210937,424.9459625244141,19.36646227032699
2023-08-21,424.3499755859375,425.09369303000517,420.4671462190992,422.6210410735604,68719000,432.7120727539062,425.4252227783203,26.377948298580435
2023-08-22,423.2005004882813,426.12711698432133,422.6403028137897,426.12711698432133,64994200,431.8770690917969,425.82822977701824,30.751611524392047
2023-08-23,427.9140625,428.5322402058597,424.1181589807745,424.2630351692306,68441000,431.27435913085935,426.2236684163411,41.63056647638779
2023-08-24,421.9836120605469,430.02938491944155,421.9546073437118,429.51746935310535,88517300,430.5209762573242,426.5177001953125,37.22301758932421
2023-08-25,424.9584655761719,426.24307373449807,420.1580380770201,423.71247141677657,102325100,429.702392578125,426.898681640625,35.86839844980959
2023-08-28,427.6533203125,428.271468592545,424.9585050816311,427.15104351635455,61595400,428.9765335083008,427.26090545654296,42.28684927003673
2023-08-29,433.8349304199219,434.1150440450923,427.3635186603017,427.54703833096477,83081900,428.6230239868164,427.6283213297526,54.03741206996396
2023-08-30,435.6217651367187,436.2592497912926,433.4678410527647,434.17294441532357,69053900,428.6655212402344,428.0386698404948,55.806063605704445
2023-08-31,434.9842834472656,437.3796481914474,434.80076379653127,436.23991629050073,66084600,428.7384429931641,428.4234776814779,55.3023184855774
2023-09-01,435.795654296875,438.19104870854676,434.337165211912,437.7081084262502,58944100,428.94996948242186,428.8455454508464,53.606560045698956
2023-09-05,433.9121398925781,435.670049450585,433.8445506606034,435.35132185994263,55166200,428.8789779663086,429.19484151204426,58.052181159652605
2023-09-06,430.99517822265625,433.2070527201014,428.66740278671307,433.1007905422567,70758500,428.7567886352539,429.48317159016926,58.39281684237681
2023-09-07,429.6719665527344,430.34806524877047,427.6436115119561,427.99131435968866,70355400,428.7133224487305,429.68689931233723,61.499151537376996
2023-09-08,430.319091796875,431.85483833340237,429.3628794853081,429.72025057240546,61659700,428.69449005126955,429.8555430094401,61.96920440090467
2023-09-11,433.1491088867187,433.45816823533755,431.2366549432054,432.9462527649071,60180100,428.8297119140625,430.0630137125651,62.05977815328505
2023-09-12,430.7730407714844,433.2263855290798,430.19353604446763,431.70030728737913,67565400,428.72732696533205,430.14395395914715,60.041048451254554
2023-09-13,431.2753601074219,432.4343991522864,429.89412843469466,430.9952464774697,60199300,428.9021530151367,430.25744578043617,55.01736030444083
2023-09-14,434.9939270019531,435.6893621396805,432.4440178145085,433.747962382289,83430800,429.41986389160155,430.46961771647136,70.793355053944
2023-09-15,429.7530517578125,433.7368392986662,429.31689007252186,433.40728505412073,111848900,429.8373138427734,430.63050079345703,57.14526106678872
2023-09-18,430.0050354003906,431.3038771522312,428.96789063501143,429.4428320631367,55752200,430.25722351074216,430.7703094482422,53.779927306260426
2023-09-19,429.11328125,429.6754845917088,426.42836539622306,429.08420380682946,66514600,430.4953887939453,430.94837900797523,40.85592672401047
2023-09-20,425.1682739257813,430.7901294710478,424.96470225740006,430.3733429544115,82562600,430.5937774658203,431.08919118245444,31.31720928608989
2023-09-21,418.1409606933594,422.5802845540439,417.98587113932,422.31858757052555,104095800,430.1051223754883,431.0367380777995,25.4942687557498
2023-09-22,417.20074462890625,420.7677155797648,416.7839285170148,419.16839709834846,100829700,429.86597900390626,430.96507364908854,23.046897808604484
2023-09-25,418.95513916015625,418.993889361631,415.55293063128704,415.9891218304828,70874500,429.5658126831055,430.89496053059895,28.238547410129954
2023-09-26,412.8002014160156,416.6191968671865,411.9665987111882,415.91160628125357,96168400,428.8231567382812,430.6390380859375,25.80699090489287
2023-09-27,412.9649353027344,414.5352059296986,409.32043434886083,413.97300260416256,104705800,427.7796569824219,430.3776519775391,27.079314040728747
2023-09-28,415.3590698242187,417.035947852058,411.8211763569914,412.4124571151363,92258300,426.7665222167969,430.1667928059896,30.41488278734225
2023-09-29,414.3510437011719,418.5868254716406,412.8292551807975,418.4123608156291,115111300,425.7348602294922,429.99499257405597,24.15741791920169
2023-10-02,414.186279296875,415.43666857523283,411.42380373877234,413.51746849079825,83798600,424.6543914794922,429.8383163452148,25.721261869898058
2023-10-03,408.6419067382813,414.2443872113326,407.27520783651096,412.00533549021924,103760600,423.39087982177733,429.5713638305664,21.13159486540323
2023-10-04,411.6176452636719,412.3639860114544,407.64356048210016,409.1071941153402,87453000,422.4220031738281,429.3089330037435,19.60823678781128
2023-10-05,411.4625854492187,412.3058609268304,408.23487076244464,411.3268709869175,70142700,421.5115341186523,428.98660837809246,22.596447526765857
2023-10-06,416.3478088378906,417.8889725902115,407.6823752264937,409.01029452111743,113273300,420.81296997070314,428.6887186686198,32.032648931642754
2023-10-09,419.0132751464844,419.5851511856649,413.89543865350254,414.44791001251434,80374400,420.1061782836914,428.4397598266602,37.3049756384969
2023-10-10,421.1941833496094,423.79186665669647,419.2459060791411,419.6433174894524,78607300,419.62723541259766,428.20203653971356,44.773036522074115
2023-10-11,422.9195556640625,423.1715503152822,419.8759785243393,422.2604472219357,62451700,419.2094451904297,427.9391403198242,57.30373869701137
2023-10-12,420.3411865234375,423.9081571332996,417.98582518977616,423.53015042088333,81154200,418.47680816650393,427.6170125325521,54.57104021747822
2023-10-13,418.24755859375,423.0455435777595,416.67731756779995,421.8436069564154,95143100,417.90153350830076,427.30860748291013,48.98015915604717
2023-10-16,422.6481628417969,423.7143850912576,420.25402134631616,420.49634324027045,75433200,417.53368988037107,427.0735458374023,64.94996571725076
2023-10-17,422.6287231445313,424.68363748247594,419.1683892665842,419.51731856642147,75324700,417.20946197509767,426.8056411743164,64.73537899988756
2023-10-18,416.9972229003906,421.8145836033234,415.91162548795126,420.85499831559775,93559800,416.8009094238281,426.4239186604818,52.2734145306422
2023-10-19,413.333251953125,419.5270131332278,412.65476846702256,417.714450283055,121323000,416.5605239868164,425.98000183105466,48.68449390230914
2023-10-20,408.2542114257813,413.4399055549237,408.14757441721036,412.8971069121286,123919900,416.11319732666016,425.5000508626302,43.196966069876204
2023-10-23,407.546630859375,411.4141082592817,404.9683224528733,406.72273053416484,92035100,415.5427719116211,424.93699239095054,48.5871747431405
2023-10-24,410.6192626953125,411.7727171708306,407.8180076603951,409.66935030950145,78564200,415.43372497558596,424.41113840738933,48.715371173895115
2023-10-25,404.7260437011719,408.96185555062243,404.2123224333422,408.9327781045306,94223200,415.0217803955078,423.8081537882487,42.44730739253288
2023-10-26,399.8795776367187,404.512771066671,398.9587721877273,403.65982284727204,115156800,414.2478057861328,423.22661641438805,31.520536846192954
2023-10-27,398.0669250488281,401.866544507184,396.6420714494825,401.46913314080297,107367700,413.4335998535156,422.63563435872396,26.03687633454318
2023-10-30,402.826171875,403.882691656562,399.55967786827136,400.8585195147872,86562700,412.8655944824219,422.1566518147786,30.15715816368582
2023-10-31,405.35601806640625,405.67586990534585,401.4885410773971,403.3980385118803,79665200,412.7013000488281,421.6570526123047,31.35038166256855
2023-11-01,409.6790466308594,410.49324455803196,405.79219440086933,406.32532025886866,98068100,412.6043701171875,421.2610539754232,39.08302633182411
2023-11-02,417.53033447265625,417.6854240377106,413.4593147358308,413.4786898388463,94938900,412.9077575683594,421.04420471191406,49.34308723841723
2023-11-03,421.339599609375,422.8904655764815,419.71120365505175,419.8372157670484,100167800,413.15734710693357,420.8882690429688,48.78834888905843
2023-11-06,422.3088684082031,422.75473237061436,420.3605910898025,422.0956239774314,67831700,413.3221267700195,420.75267232259114,49.70895311426549
2023-11-07,423.5107727050781,424.1505059932791,421.1651135619809,422.3088656922616,64256100,413.43795623779295,420.5975062052409,56.446581532179145
2023-11-08,423.8209533691406,424.635151307966,421.51404441898217,424.11172778289733,61746000,413.4830261230469,420.5315414428711,61.11795165778834
2023-11-09,420.5157165527344,425.0035227425126,420.08922765476564,424.9647429571584,83174400,413.4917526245117,420.4628082275391,63.506295217355856
2023-11-10,427.0777893066406,427.38796843360757,420.5060206531149,422.59001262842264,89462200,413.9332641601562,420.55737050374347,69.05616174945914
2023-11-13,426.670654296875,427.7756266322396,424.95502612182986,425.740146607046,52236100,414.13438873291017,420.6417673746745,66.52030032112651
2023-11-14,434.9483947753906,436.23753414765645,432.3894615518305,432.61240832792026,97176900,414.7503723144531,420.8184076944987,79.64991089991089
2023-11-15,435.869140625,437.51694099815325,435.01616300032316,436.28592709787057,77327600,415.69396820068357,421.02955169677733,88.25452804409525
2023-11-16,436.40228271484375,436.72213454588115,434.35707089113555,435.42329296176746,66665800,416.84741973876953,421.17102203369143,91.8873172934116
2023-11-17,436.945068359375,437.5557241444839,435.49113728256464,436.41194254969577,83133200,418.2819625854492,421.4203796386719,91.06392262701443
2023-11-20,440.30859375,441.1518692274426,436.6834380187307,436.69314036041027,69936200,419.9200607299805,421.6762151082357,91.2397200097939
2023-11-21,439.3489990234375,440.1826017776666,438.07923457831345,439.2617666852585,49244600,421.3565475463867,421.8711430867513,88.0248621917746
2023-11-22,441.0452270507813,442.3634735504526,439.9499569252717,441.00647684513626,59394900,423.17250671386716,421.99131469726564,85.78169957221856
2023-11-24,441.3166198730469,441.51048921964684,440.7641484378246,441.0937026627971,29737400,425.2443588256836,422.0862289428711,84.06611649383996
2023-11-27,440.5218200683594,441.5007803874619,440.13408138085987,440.68658238826873,50506000,427.36710357666016,422.1785212198893,81.24382245527039
2023-11-28,440.9580078125,442.25684966761025,439.57193362163355,440.13410742327716,62115000,429.27369537353513,422.26456044514975,80.73777851375458
2023-11-29,440.6477966308594,444.2438747206066,440.2504147680835,443.10979527762873,63146000,431.0382843017578,422.37682139078777,79.64476731807713
2023-11-30,442.3827819824219,442.7317408428034,439.41676478055234,441.4910541020233,79752700,432.67347106933596,422.5666147867839,90.78071501420558
2023-12-01,444.99993896484375,445.53303530779465,441.18094348970146,441.77219472169025,89183400,434.0469512939453,422.8220809936523,89.19014869317901
2023-12-04,442.6639099121094,445.019271433423,440.3860783753154,441.60739008872554,72430900,435.11316680908203,423.0278279622396,82.25158683368063
2023-12-05,442.5766906738281,443.5362758597069,440.8998126034742,441.2778489374918,69793500,436.1265579223633,423.1849543253581,72.97125422731952
2023-12-06,440.7932434082031,444.74792384542485,440.35705215116445,444.71884640030964,69124700,436.99068145751954,423.3519577026367,64.09568287880296
2023-12-07,444.1566467285156,444.80605282503006,442.27622650644105,442.87718005735604,66995400,438.0074661254883,423.56664581298827,69.102273222762
2023-12-08,446.066162109375,446.59925845337557,443.167972091833,443.4102939900714,83194400,439.2849884033203,423.7511830647787,71.0515639351098
2023-12-11,447.8011169433594,447.9756111721654,445.35852312344826,445.5717675539386,65002200,440.32115478515624,424.0519841512044,68.69846811401484
2023-12-12,449.8463745117187,449.94330918636626,446.45386796122364,447.45223299144266,68327600,441.4799407958984,424.38267313639324,74.85081333822669
2023-12-13,456.0498046875,456.3018289230582,449.8657452173365,450.2243768877482,93278000,442.5350112915039,424.8316151936849,79.2738080778491
2023-12-14,457.5134582519531,459.18063413890565,454.83821495932193,457.98839971929596,119026000,443.6172271728516,425.3707015991211,80.19516502322364
2023-12-15,456.7601013183594,458.0934340813363,454.9109942306135,456.9158196636758,141553700,444.63511810302737,426.0143539428711,80.3192750214248
2023-12-18,459.3294067382813,460.31236579340026,457.30512766166345,458.36593103885957,70375300,445.7543350219727,426.7164983113607,81.77131602113609
2023-12-19,462.1225891113281,462.2004631426164,459.7966147557437,459.8744590867912,55761800,446.84503479003905,427.4359558105469,84.20108714670648
2023-12-20,455.71881103515625,463.15417688283,455.2905929826461,461.26613266046417,102921000,447.663525390625,428.1512659708659,68.48955137996252
2023-12-21,460.0398254394531,460.31232509298513,456.2831912512246,458.70649280228554,86667500,448.6132553100586,428.9358474731445,69.91112400379131
2023-12-22,460.96441650390625,462.6480933014032,459.06666039020405,461.1687838422537,67160400,449.59564514160155,429.69593658447263,75.16840605816924
2023-12-26,462.910888671875,463.81597380070593,461.2953440901739,461.3732181207506,55387000,450.71509857177733,430.50526733398436,76.60474301671962
2023-12-27,463.747802734375,463.89377939487036,462.1711954005529,462.70645305578125,68000300,451.8545883178711,431.3312927246094,80.79592212737211
2023-12-28,463.9230041503906,464.75995685713684,463.5045277970175,464.1079178321579,77158100,453.01834869384766,432.25264434814454,78.99940362873113
2023-12-29,462.5799865722656,464.2539217843669,460.62380998189565,463.72837604213146,122283100,454.02820892333983,433.10201670328775,74.6371077526587
2024-01-02,459.99127197265625,460.9839728880812,457.8891184873504,459.5144048742221,123623700,454.7777755737305,433.9108281453451,67.73480309758676
2024-01-03,456.234619140625,458.570335093064,455.6312290704376,457.83068032303305,103585900,455.45631103515626,434.5756083170573,58.853064421448735
2024-01-04,454.7650146484375,458.34644746704663,454.54116395968543,455.75768568069975,84232200,456.0657272338867,435.17147064208984,47.950596225592136
2024-01-05,455.3878784179687,457.8403754637055,453.93776436095277,454.9693723825891,86118900,456.795458984375,435.7413655598958,46.51597625795702
2024-01-08,461.8889770507813,462.0349537185437,455.7576897026201,455.8842127147601,74879100,457.6820755004883,436.39085591634114,57.07384089319228
2024-01-09,461.1882934570313,462.2101599071882,458.72605447786003,459.23211686361327,65931400,458.4381820678711,437.07164103190104,52.70314408247891
2024-01-10,463.7965087890625,464.66268658164086,461.1785514545196,461.4607928330298,67310600,459.2379516601562,437.83079020182294,52.44733528640662
2024-01-11,463.5920715332031,465.31465547972425,459.611616299549,464.7988514934619,77940700,459.9252365112305,438.513188680013,64.0596542512319
2024-01-12,463.9132690429687,465.7818595429952,462.502121615046,465.04220480544996,58026400,460.3184097290039,439.201264444987,58.06978704790426
2024-01-16,462.2101440429687,463.8451421871986,460.39023221216354,462.53132242501596,85014900,460.55324401855466,439.9548131306966,52.513757309725335
2024-01-17,459.6408996582031,460.12750840636863,457.28570024897624,459.183486246918,68843900,460.69728393554686,440.7266072591146,43.56325968145188
2024-01-18,463.7283325195313,464.2830735453687,459.7673604180853,461.31477246365523,91856200,460.9172302246094,441.6511759440104,49.96602233365865
2024-01-19,469.50927734375,469.79151871434675,463.7770421286305,464.8572992191645,110834500,461.2865646362305,442.68388671875,58.15342156767551
2024-01-22,470.5019836425781,472.22456782073624,469.8499148891261,471.0469830334159,75844900,462.0257232666016,443.6819320678711,61.68197634335441
2024-01-23,471.8741760253906,472.1174803762762,469.956966252641,471.0469649925702,49945300,462.61744079589846,444.80106760660806,68.17491427829943
2024-01-24,472.3900146484375,475.6794645582401,471.8936642634199,474.745184157241,81765000,463.188720703125,446.0095748901367,77.42890184911161
2024-01-25,474.9593505859375,475.2318503066767,472.3900717475741,474.52139081678,72525000,463.7911437988281,447.29111531575523,83.05202589307133
2024-01-26,474.35589599609375,476.02008943226616,473.5092016110277,474.53106799985125,76641600,464.32154846191406,448.4832773844401,81.06464988144805
2024-01-29,478.1125183105469,478.2585246858996,474.12235058965683,474.66734997690736,61322800,465.03102416992186,449.69588572184244,79.19433085879545
2024-01-30,477.7427062988281,478.4531359964777,476.983568210537,477.421527922976,58618400,465.78916015625,450.83028004964194,80.14874987633827
2024-01-31,469.947265625,475.98119623389044,469.92778226707486,475.533524505223,126011100,466.2869598388672,451.70389556884766,59.42160010321561
2024-02-01,476.0979919433594,476.1271872790658,470.8425939142762,471.65038103588824,91891600,467.2801284790039,452.6165354410807,66.20438545016273
2024-02-02,481.1100463867187,482.7644982110768,476.1952805049677,476.53591254829524,99228200,468.59738006591795,453.59655507405597,69.86737782090088
2024-02-05,479.3582153320313,481.13921979443177,477.10037355108614,480.47743909484853,75757100,469.79589691162107,454.5273457845052,69.7888375500087
2024-02-06,480.74993896484375,481.0808293147646,478.871606822303,480.3022375794468,55918600,470.7389450073242,455.47616221110025,75.04030988107965
2024-02-07,484.7596740722656,485.17815049629894,482.09303775346984,482.9981526592481,70556500,471.9175140380859,456.5468948364258,74.99421526748685
2024-02-08,484.97369384765625,485.3532331832338,483.94208579679537,484.7595848352,52343600,472.97637329101565,457.51182657877604,71.18094451485202
2024-02-09,487.7765502929687,488.21448028265473,485.1391098762786,485.4797418906366,63979400,474.1855972290039,458.53025817871094,72.54244631935444
2024-02-12,487.56243896484375,490.0149359961155,486.84223792928447,487.747352637465,56502300,475.36805572509763,459.4071589152018,71.11045771978675
2024-02-13,480.8472595214844,483.776653518952,477.5772631803255,481.28521924942925,113099200,476.29991149902344,460.15679423014325,59.75305461530402
2024-02-14,485.217041015625,485.70364975049426,481.1587110987094,483.4847151074999,68387800,477.5787185668945,460.9703735351562,61.35771999491803
2024-02-15,488.5649108886719,488.74982458371477,485.4408614304675,485.9177581862181,61683000,478.82054748535154,461.8307042439779,64.83141092412626
2024-02-16,486.1318664550781,489.401862888149,485.3922116760664,488.2632150838705,75532900,479.651676940918,462.59442545572915,58.608480521846076
2024-02-20,483.4555358886719,485.06133882722617,481.20740583464766,484.3898163747004,71736700,480.29935455322266,463.3295344034831,55.84316673055101
2024-02-21,483.8934326171875,484.0491509708409,480.3411949189208,482.15139479243277,59293400,480.9003173828125,464.0436711629232,66.79162116520023
2024-02-22,493.9078369140625,494.87131264849836,489.54781221335594,490.51131764803023,76402500,481.97620849609376,464.9201914469401,69.61832553767847
2024-02-23,494.2484436035156,496.4673780025352,493.51853058146656,495.6303956264625,61321800,482.94066314697267,465.815635172526,66.13285088057889
2024-02-26,492.4382934570313,495.12438315275733,492.3117704350963,494.6864234153272,50386700,483.8447830200195,466.67363993326825,66.03826960553937
2024-02-27,493.3531188964844,493.5769696039291,491.2315119659273,493.1292978892794,48854500,484.60681304931643,467.55206197102865,65.63638470153586
2024-02-28,492.7010192871094,493.28492593001334,491.435818926933,491.7959045901359,56506600,485.35472869873047,468.3906992594401,60.74805419667366
2024-02-29,494.4722595214844,496.08780389109205,491.81539515660484,494.4625475441177,83924800,486.5809783935547,469.2152379353841,62.335672461776205
2024-03-01,499.114501953125,499.5427199698066,494.93942084083443,495.3481852022985,76844800,487.73180389404297,470.1560811360677,64.0530648619289
2024-03-04,498.5793151855469,500.42845220247364,498.28736181458015,498.31658685191803,49799300,488.6052673339844,471.08945821126304,63.54727460362139
2024-03-05,493.5964050292969,497.0221493633574,491.38721217314117,496.5744479650044,72855600,489.31717681884766,471.9695109049479,66.37504194065285
2024-03-06,496.09759521484375,498.3554668272533,494.8032290742474,496.8761572948693,68382400,490.08455963134764,472.83519337972007,64.67964775498983
2024-03-07,501.0220642089844,502.0731556685532,496.15597704493354,499.39680772832526,58652100,490.8976791381836,473.7511250813802,66.12092470719821
2024-03-08,498.0148315429687,504.3407152276024,497.4406368151398,501.6546849790431,86532500,491.5497360229492,474.58802032470703,65.15267434014154
2024-03-11,497.5865783691406,498.1705147342669,494.881035254285,496.80801634913047,62557200,492.0402374267578,475.3836903889974,69.11526972557664
2024-03-12,502.9393310546875,503.5232377514132,497.17784111143084,499.6985003866654,73114400,492.80908203125,476.16518249511716,72.7399791873749
2024-03-13,502.15093994140625,503.4355940031198,500.7105972360643,503.2604220038599,55104100,493.87426605224607,476.90914052327474,62.62283559797598
2024-03-14,501.1583251953125,503.27993205507374,498.1121499011311,503.12418400270946,110171800,494.6713302612305,477.64911092122395,60.37408903766276
2024-03-15,497.7170715332031,499.54266772632866,496.0477073102581,498.08804798108406,107646300,495.12893829345705,478.28890533447264,57.555215643041706
2024-03-18,500.6750793457031,503.23282668542583,500.26507469946,501.78800868482955,88893300,495.8560989379883,478.9314468383789,59.90046959205737
2024-03-19,503.4573974609375,503.7404859733711,498.9764238973626,499.9819809876235,60755300,496.85619201660154,479.72708994547526,63.75212349969918
2024-03-20,508.1140747070313,508.2507627953458,502.84240721032234,503.51601611982346,69594600,498.0672241210938,480.5283274332682,66.24277002971569
2024-03-21,509.7931518554687,511.65774627628207,509.51000378121233,510.95488123336787,60256100,498.8614898681641,481.3421396891276,63.67993644766858
2024-03-22,508.82672119140625,510.19342318455074,508.59237324097523,509.7053025616341,79070800,499.5904037475586,482.10740356445314,62.984029566684775
2024-03-25,507.4209289550781,508.57288646937474,507.26469698888116,507.45018520809214,48512100,500.33953552246095,482.83528900146484,69.26254951686514
2024-03-26,506.4836730957031,509.1878801721596,506.08344043810223,508.8461600156402,65463700,500.9960632324219,483.54463348388674,65.13100038679909
2024-03-27,510.74017333984375,510.7792611284968,507.1476123013397,509.3148990950555,82999800,501.8980209350586,484.34730326334636,64.43888650590767
2024-03-28,510.6424560546875,512.145845947325,510.3593675770243,510.7791441135719,96294900,502.70653076171874,485.1914896647135,70.53736991109702
2024-04-01,509.7540893554687,511.92137584867254,508.5923599199536,511.38445509453464,62477500,503.23851013183594,486.08348083496094,69.49724440445388
2024-04-02,506.5130310058594,506.6496594947848,504.20905639561914,505.92725051103764,74230300,503.63519592285155,486.9459477742513,56.142180224050115
2024-04-03,507.0694885253906,508.5729383244065,505.37083812628055,505.41963827630406,59155800,504.30885009765626,487.80730794270835,58.52153343294539
2024-04-04,500.8800964355469,511.42348983220387,500.57746403679687,511.08182923475704,96858100,504.54797515869143,488.45715993245443,49.59151651900566
2024-04-05,506.1127624511719,508.0750169684766,501.7977926534172,502.23711314886503,74546500,504.8025100708008,489.2059010823568,61.71021693122598
2024-04-08,506.3958435058594,507.8211772121714,505.58560615213537,506.8156796872345,48401800,505.2215606689453,489.91588999430337,58.622675495811464
2024-04-09,506.9816284179687,508.3776462974431,502.1296782746543,508.13358597756917,68049200,505.6913131713867,490.63904927571616,55.68860033693579
2024-04-10,501.9051208496094,503.8966314464908,499.9233821983309,501.28031218136,82652800,505.6396026611328,491.2722468058268,40.111898770104816
2024-04-11,505.69293212890625,507.1377500106354,499.9136010169566,503.4280454371211,70099000,505.8167022705078,491.99695994059243,43.88114977329163
2024-04-12,498.71282958984375,503.56474960986543,496.9848635757255,502.14918793409277,92561100,505.6944274902344,492.6481587727865,37.20359676340713
2024-04-15,492.46490478515625,503.05709839116423,491.61554988176164,502.8911540643935,92101400,505.431819152832,493.1271016438802,33.14268142258334
2024-04-16,491.5667419433594,494.4661795680653,490.27809637848605,492.94324564322153,73484000,504.97640228271484,493.4947260538737,33.17191433340123
2024-04-17,488.6575622558594,494.1928634388067,487.2615443714678,494.0268893119992,75910300,504.2364105224609,493.79731903076174,24.307137089815924
2024-04-18,487.6520690917969,492.1525572135463,486.7148857364247,490.05364426668797,74548100,503.2133102416992,494.0602839152018,23.804301336995948
2024-04-19,483.3956298828125,488.56969668668467,482.1264983587833,487.57394131853926,102212600,501.89343414306643,494.2437108357747,22.107486323621515
2024-04-22,487.8472900390625,490.44409539983275,483.65920663681294,486.00217973304706,67961000,500.8444625854492,494.45850982666013,30.741347855958452
2024-04-23,493.6363220214844,494.06587050260373,487.66173106547944,489.85827361062917,64633600,500.15523223876954,494.77985026041665,37.49082083868545
2024-04-24,493.4020690917969,495.3154935043147,491.17624034467946,494.5247405147149,55928100,499.5011520385742,495.03467610677086,42.16765263552222
2024-04-25,491.5276794433594,492.28914639879576,485.6702321576898,487.3200821932215,69122400,498.54052734375,495.26442565917966,33.56788916257169
2024-04-26,496.1844177246094,497.7659238799117,493.68524235456005,494.31979324751813,64306100,497.81762542724607,495.7017115275065,39.52749015056766
2024-04-29,497.941650390625,498.61525929171887,495.19841463675846,497.9709364388238,46415400,497.2270034790039,496.0657725016276,40.94642835311813
2024-04-30,490.0535888671875,497.45348436502843,490.0535888671875,496.4772431240589,77483600,496.40403137207034,496.21483154296874,38.76344058020832
2024-05-01,488.4622802734375,496.11600754799895,487.99367378182563,489.46780749693494,80242800,495.47367095947266,496.36656595865884,32.95344346395797
2024-05-02,493.0310974121094,493.8706803453591,487.6812848525579,492.1720003799534,62550200,495.08122100830076,496.57125193277994,44.09735454298162
2024-05-03,499.1424255371094,500.37246932338707,496.4772760472205,499.01550940056416,72756700,494.73270416259766,496.810964457194,56.9568963598615
2024-05-06,504.29693603515625,504.3359642334882,501.1046081667102,501.54392863434595,47264700,494.6277587890625,497.13301849365234,62.18236679775501
2024-05-07,504.8534240722656,506.2494419365131,504.17981521335923,505.2634287213709,52561300,494.52134857177737,497.4176330566406,66.22970010715702
2024-05-08,504.9021301269531,505.439050807753,502.90084781577497,503.017991979403,42047200,494.6711990356445,497.70662790934244,67.62405589312262
2024-05-09,507.8114318847656,507.8505196720802,504.4336750443816,505.0877400464436,43643700,494.7771240234375,498.1560307820638,75.65125499442445
2024-05-10,508.4655456542969,510.2227680798631,507.2452440275092,509.4124711158648,52233200,495.26475982666017,498.543505859375,73.53989509780489
2024-05-13,508.5338439941406,510.25203826517287,507.3916583240956,510.14466601949385,36716400,496.0682067871094,498.87632141113284,69.56413705099575
2024-05-14,510.8670654296875,511.3845019246286,508.19217377481715,508.7290945781237,57535900,497.0332229614258,499.28857472737633,71.73749385622465
2024-05-15,517.1930541992188,517.4859146210695,512.7023092523975,513.336889820599,59504900,498.4599975585937,499.8508666992187,78.75729273451813
2024-05-16,516.1289672851562,518.8917465910545,515.9825072697596,517.2906967075278,50244800,499.8838424682617,500.38812561035155,74.30397041618602
2024-05-17,516.8709106445312,516.9392546781255,514.7915121402848,516.2461019816988,59187600,501.55760650634767,500.7708435058594,73.65201143946615
2024-05-20,517.4664306640625,518.930792527948,516.5975616577482,516.9880819887991,37764200,503.03856353759767,501.1578099568685,91.88538899997016
2024-05-21,518.7354736328125,518.8917055815594,516.4999028909981,516.7049349793422,33437000,504.29352111816405,501.5960962931315,96.71591970824919
2024-05-22,517.241943359375,518.7551054535538,515.0648847480338,518.0424683735625,48390000,505.48551483154296,501.99424336751304,91.27869405186705
2024-05-23,513.4637451171875,520.4048044255534,512.2531562085424,520.2974322144307,57211200,506.5823181152344,502.34028879801434,76.52788847999729
2024-05-24,516.8611450195312,517.6714419020187,514.3619699226733,515.3088952889863,41291100,507.6161544799805,502.71343688964845,74.89358202890699
2024-05-28,517.222412109375,517.9057929513657,514.5865486245773,517.6715045678355,36269600,508.58019256591797,503.0152353922526,74.69784810080301
2024-05-29,513.6005249023438,514.7817983278129,512.8878878194378,513.1905202395113,45190300,509.7575393676758,503.26558888753254,65.19964975037783
2024-05-30,510.1933288574219,512.7218194340663,508.94377127799896,512.0579826598375,46377600,510.844091796875,503.54220428466795,54.09096245854003
2024-05-31,514.84033203125,514.9672481577884,506.0443890267406,511.15017117084983,90785800,511.934553527832,503.85458323160805,59.628253336418474
2024-06-03,515.2601318359375,516.7342656913833,510.18366530067414,516.4511771729021,46835700,512.7404388427734,504.091884358724,60.05241318666884
2024-06-04,515.8360595703125,516.5780123549347,512.4875596797398,513.9519213593795,34632700,513.3173950195312,504.38890482584634,57.83782899107158
2024-06-05,521.9668579101562,521.9864018010747,516.1679828855217,518.1595530381444,47610400,514.1730667114258,504.79524281819664,57.57660005230987
2024-06-06,521.9571533203125,522.6991062505612,520.0242145910106,522.2695576901561,30808500,515.0258178710938,505.1122065226237,59.57033755612572
2024-06-07,521.322509765625,524.1340888487662,519.8874043907796,520.980789635887,43224500,515.7013717651367,505.4317326863607,57.335724429818036
2024-06-10,522.9332885742188,523.2554648254413,519.9167369014993,520.5122296802525,35686100,516.4247589111328,505.7946487426758,58.71707581030684
2024-06-11,524.1927490234375,524.2513211148034,519.4091430834137,521.3811694677967,36383400,517.2077041625977,506.2359100341797,58.704456200265184
2024-06-12,528.4979858398438,531.1924214122917,527.4631724257194,528.7615900630306,63251300,518.0892501831055,506.69962514241536,66.47580878595448
2024-06-13,529.5620727539062,530.4211698122318,526.7700371068663,530.2454535391702,44760900,518.7077011108398,507.1347030639648,75.59744020745423
2024-06-14,529.8842163085938,529.9134725597781,527.0237772162169,528.0293342324846,40089900,519.3954635620117,507.4975387573242,72.95224100874975
2024-06-17,534.1015625,535.4976399183048,528.7420075865693,529.2008719569648,55839500,520.2569961547852,507.90267893473305,76.18870397412077
2024-06-18,535.4585571289062,535.585473259027,533.7403629842298,534.16013957423,41376400,521.1566024780274,508.34654286702477,86.47732759129975
2024-06-20,534.0039672851562,537.0498352385172,532.2272010481894,536.385998334327,70328200,521.9200271606445,508.7895935058594,92.50607169668648
2024-06-21,533.2881469726562,534.4046669419561,531.8288641002639,533.180428320516,64338600,522.7223373413086,509.23633473714193,88.30950890152427
2024-06-24,531.5545043945312,535.6777608035513,531.4369822915095,533.1117619254674,45528700,523.6268753051758,509.58324025472007,82.08668562458985
2024-06-25,533.6013793945312,533.9637491221667,531.2606215926918,532.7786650161994,37936200,524.4638870239257,509.9658889770508,83.06760370726343
2024-06-26,534.2675170898438,534.9824532882294,531.8386468881042,532.4850185530828,38550600,525.3161422729493,510.374446105957,78.74326822144128
2024-06-27,535.1096801757812,535.6875469780335,533.3859430174333,534.1302894973802,35041500,526.3916000366211,510.85105692545574,79.58293864887497
2024-06-28,533.0039672851562,538.9391321933387,531.7601817698417,535.8833782760337,76144500,527.5321319580078,511.2832982381185,74.64339701841537
2024-07-01,534.1008911132812,534.6297405125247,531.339002473828,534.3848928648134,40297800,528.4951599121093,511.83697814941405,74.08146397190825
2024-07-02,537.6953735351562,537.6953735351562,532.4458529900177,532.4948105764632,40434800,529.6169219970703,512.3633550008138,76.45275077423443
2024-07-03,540.0948486328125,540.457218430894,537.3427629954197,537.381917105902,32789900,530.8298614501953,512.925005086263,74.55256880425709
2024-07-05,543.2092895507812,543.6108134486142,539.7618150479054,540.3984429341523,41488400,531.8919830322266,513.5287994384765,76.58540297343315
2024-07-08,543.8361206054688,544.786100933334,542.7685583933277,543.9927968223914,36110500,532.9859313964844,514.2276494344076,76.86009456753682
2024-07-09,544.3649291992188,545.6968861634513,544.0711239537649,544.795863484972,27289700,534.138052368164,514.8721827189128,73.02969461738837
2024-07-10,549.7515869140625,550.0943497431794,545.2953712492263,545.5891764995068,38701200,535.4789672851563,515.7228286743164,77.16008860950349
2024-07-11,545.0112915039062,550.7407626908513,544.3747234457534,549.8690906630567,53054200,536.5198944091796,516.5986017862956,68.59454198268645
2024-07-12,548.448974609375,552.0531251206323,545.667538567234,546.1376269625789,53084400,537.5174438476563,517.5466389973958,73.4541567758761
2024-07-15,549.9572143554688,553.1989947445371,548.0963483653211,550.4469096394806,40584300,538.5372009277344,518.5682998657227,78.66936710786551
2024-07-16,553.2185668945312,553.5123721227574,550.5154392403327,551.2695891404957,36475300,539.7039184570312,519.6610748291016,79.44709732509006
2024-07-17,545.4617919921875,548.9582235359038,545.1385763631698,547.2834441243654,57119000,540.2719299316407,520.6955108642578,63.85435504168989
2024-07-18,541.2700805664062,547.988746727991,539.0860582622142,546.9995524787638,56270400,540.5625061035156,521.5858907063802,57.04055581132548
2024-07-19,537.67578125,542.6609070533489,536.6180223784818,541.0350847426649,65509100,540.7460968017579,522.3198816935221,55.16359745756423
2024-07-22,543.2190551757812,543.826272604696,539.6638622867013,541.6030366708314,43346700,541.242642211914,523.1501647949219,59.17609713670783
2024-07-23,542.3670043945312,545.2659625762393,541.8773090500791,543.111291105197,34439600,541.7832672119141,523.9974868774414,54.97597179025765
2024-07-24,530.0756225585938,537.8519873002513,529.1549928867055,537.5483785668235,74515300,541.6069793701172,524.5623402913411,41.18550418024733
2024-07-25,527.313720703125,536.177254363603,526.3735438881854,530.1931317534066,61158300,541.2592895507812,525.0518747965494,35.92845819433772
2024-07-26,533.2194213867188,535.9127455404142,530.3302071573028,531.1039639898098,53763800,541.1647766113281,525.7713053385417,41.40489268469124
2024-07-29,533.532958984375,535.7757424689108,531.5349634304656,534.767000996549,39515800,541.1912261962891,526.5224833170573,41.199939306848506
2024-07-30,530.829833984375,536.05980735921,527.421572998221,535.0020485169553,46853600,541.0276733398438,527.1524622599284,33.9268382718917
2024-07-31,539.4581298828125,542.0926929678205,536.2947173976487,537.6658283608423,65663400,541.1158111572265,527.8243906656901,45.57512267954498
2024-08-01,531.8189086914062,543.4344670666311,528.3126735436618,541.1818806021787,76428700,540.7020141601563,528.283090209961,37.58039534224371
2024-08-02,521.9172973632812,525.9229716163323,517.705869778205,524.7085367838448,82789100,539.6374145507813,528.5674880981445,31.392129224587663
2024-08-05,506.7171630859375,512.7893973566776,499.75367969518885,501.0954700551791,146267400,537.7814666748047,528.5977386474609,23.361712393665925
2024-08-06,511.3888854980469,518.8322310175004,507.19706454680966,508.51921810050686,84826300,536.132664489746,528.6573628743489,29.766194188544475
2024-08-07,507.9707946777344,520.6343700428232,507.3733806496258,517.5786158200011,70698300,534.0436248779297,528.6491170247396,30.042225611261728
2024-08-08,519.7137451171875,520.3405097902447,511.08531467340157,513.1126009988247,63276600,532.7787475585938,528.8354487101237,40.19250405910159
2024-08-09,522.0054321289062,523.4941251002426,517.6667385635127,518.8909769209239,45619600,531.4565704345703,529.0210881551106,37.990667962168764
2024-08-12,522.2796630859375,524.6889257907327,520.0074696393324,523.2002926739822,42542100,530.0726928710938,529.1058649698894,38.55338549003159
2024-08-13,530.8689575195312,531.1040615199245,525.2277168327499,525.4725645280489,52333100,528.9552124023437,529.3515314737956,50.471989983557705
2024-08-14,532.5436401367188,533.7287242856177,528.9884474672805,531.6621646835201,42446900,528.3093048095703,529.6127436319987,53.152290116494235
2024-08-15,541.671630859375,541.9556326474029,537.5679813653051,538.1751988274788,60846800,528.3293823242187,530.0161636352539,54.90400639697659
2024-08-16,542.8861694335938,543.5815584950337,539.8990391327931,540.0557153753817,44430700,528.5899017333984,530.4186752319335,55.37061945959813
2024-08-19,548.0767211914062,548.0767211914062,542.4452256331724,543.2972906137162,39121800,528.8327850341797,530.9325881958008,59.62813975152528
2024-08-20,547.185546875,549.2814571312036,545.8437865187526,547.6262846058479,33732300,529.0737121582031,531.4946182250976,54.72175064967613
2024-08-21,549.0659790039062,550.5252615016209,543.2973537542563,548.2335208659752,41514600,530.0232299804687,532.0313654581706,61.33645078776169
2024-08-22,544.7567138671875,551.5732952522009,543.5422788578662,550.9660777475402,56121500,530.8953796386719,532.4902704874675,66.20351245484723
2024-08-23,550.5449829101562,551.4852196453214,545.8047048974495,547.998590612835,50639400,531.7616577148438,533.1060114542644,85.88627338486157
2024-08-26,549.2324829101562,552.2881770773529,547.528352675827,551.5732410031779,35788600,532.5466339111329,533.7566640218099,82.79019662076081
2024-08-27,549.9867553710938,550.476450824618,546.8135383966207,547.9594090202299,32693900,533.5044799804688,534.3424377441406,88.16729327998111
2024-08-28,546.7938232421875,550.0748179978751,543.6009999526875,549.6438836929623,41066000,533.8712646484375,534.8679992675782,79.12348599620333
2024-08-29,546.8427124023438,552.0628809883677,545.6968421488655,548.7623394799141,38715200,534.6224548339844,535.3847768147787,78.06534285272892
2024-08-30,552.0629272460938,552.5722295246512,545.657733766081,549.212926690368,62700100,536.129736328125,535.8863779703776,80.27061665411514
2024-09-03,540.7020263671875,549.2520879225416,538.18498513228,548.9190687874888,60600100,537.8289794921875,536.1987925211589,59.460948226553015
2024-09-04,539.5953369140625,543.0035975400444,538.1360542845994,538.8607938634791,47224900,539.2393020629883,536.5033396402995,56.859811308431745
2024-09-05,538.2828979492188,542.3865472945482,535.8246177750381,539.5365467142444,44264300,540.7549072265625,536.7591664632162,46.11232870957126
2024-09-06,529.2235107421875,540.231851947678,528.3224880929642,538.60608979078,68493800,541.2303955078125,536.8430124918619,36.716690699565035
2024-09-09,535.1488037109375,536.4220593419303,531.495695817922,533.4251264283236,40445800,541.887564086914,536.9538594563802,37.608072704892045
2024-09-10,537.4798583984375,537.8324845189911,532.1813804449696,537.0587275255268,36394600,542.647573852539,537.0858225504558,40.94661498660934
2024-09-11,542.9937133789062,543.914342923255,528.8317637255883,537.3916279053534,75248600,543.2538116455078,537.3043141682942,44.69541052344218
2024-09-12,547.5675659179688,547.8711746400817,541.3483991843773,543.5716351743016,51819600,544.0050079345704,537.5287475585938,52.44419582438602
2024-09-13,550.4273681640625,551.4263657909838,547.9201304028155,548.1747815451495,39310500,544.4427947998047,537.778227742513,49.89223908941751
2024-09-16,551.2402954101562,551.5046902542234,548.360884321784,550.1629297590999,36656100,544.8605010986328,538.0654998779297,51.85659266483355
2024-09-17,551.4655151367188,554.9031859740162,549.2324757022386,553.4536471249235,49321000,545.0299407958985,538.3684560139974,51.380896796374145
2024-09-18,549.8299560546875,556.9696926491016,549.2716961893568,552.1216967889254,59044900,545.1621612548828,538.673046875,52.92013994881067
2024-09-19,559.2124633789062,561.0733295553275,556.3722663136862,559.2418737919741,75315500,545.6694854736328,539.0998982747395,60.086277773022175
2024-09-20,558.2457885742188,559.2871245583524,555.219996107625,557.843033129673,77503100,546.3439392089844,539.4995361328125,55.417274528007255
2024-09-23,559.6408081054688,560.2892222272916,558.0984411315784,559.3166610051752,44116900,546.79873046875,539.908388264974,70.10474399727352
2024-09-24,561.2421875,561.3011287948526,557.6073144224192,560.4366164965969,46805700,547.3992156982422,540.3790252685546,72.74069115512262
2024-09-25,560.0042114257812,561.8216774615664,558.8941007007465,561.0848814915315,38428600,547.9000885009766,540.810747273763,72.85467314687327
2024-09-26,562.2244873046875,564.5920921622151,559.866775948692,564.2678851150425,48336000,548.6716217041015,541.2195658365886,90.56027989989857
2024-09-27,561.4090576171875,564.1106429805404,560.377555197848,563.2952985697877,42100900,549.3999389648437,541.5748026529948,86.91189490806515
2024-09-30,563.6588745117188,564.2679545173111,558.0788790007499,560.3776493545987,63557400,549.979736328125,541.9156290690104,86.88193604862134
2024-10-01,558.609375,563.9536055755817,556.0355051968223,563.3052513338224,72668800,550.8751037597656,542.1618499755859,72.29156683192039
2024-10-02,558.8450927734375,559.866821742494,555.3183290115846,557.715374727311,38097800,551.8375915527344,542.4031860351563,68.3746064452484
2024-10-03,557.8234252929688,559.7685478192003,555.5344286086627,557.3715020969081,40846500,552.8146179199218,542.5377166748046,62.818269712888195
2024-10-04,562.892578125,563.2658929623027,558.09848649286,562.273664576873,42939100,554.4980712890625,542.8357381184895,67.59850075681177
2024-10-07,557.8037719726562,561.8905680396737,556.6543868115797,561.2421538745174,49964700,555.6308197021484,542.9916514078776,58.34651466342599
2024-10-08,563.0792236328125,563.67853004462,559.5033520489247,560.377637870892,37398700,556.9107879638672,543.2103515625,65.92101248591814
2024-10-09,566.9793090820312,567.5392812736217,562.4700908869163,563.0693372819003,37912200,558.1100677490234,543.439697265625,60.74937827755852
2024-10-10,565.9871826171875,567.4116672245898,564.3760405790135,565.6335348411864,44138100,559.0310485839843,543.781787109375,60.70661009824065
2024-10-11,569.3764038085938,570.1131999200273,565.7709716649979,565.9085213296812,42268000,559.9785003662109,544.2502258300781,62.76076250332003
2024-10-14,574.0328979492188,574.9661849382893,570.5060744728205,570.9874382986001,36217200,561.118130493164,544.8561777750651,65.52205839872364
2024-10-15,569.5728149414062,574.6026708937048,568.3545951743074,574.2981309420833,54203600,562.0234954833984,545.2954071044921,60.76967465377005
2024-10-16,572.0484008789062,572.5690988319416,568.7672362789522,569.5728070987392,30725400,563.1344177246094,545.7900970458984,60.993848553938875
2024-10-17,572.0975952148438,575.801242846272,571.9109378019983,575.594918349773,34393700,563.7786743164063,546.4904632568359,62.17015604563922
2024-10-18,574.298095703125,575.0839994048337,572.3234729286785,573.7872313147403,37416800,564.5812896728515,547.2735361735026,62.12762345528699
2024-10-21,573.3551025390625,574.5535954570634,570.3784174069214,573.5712006217359,36439000,565.2670043945312,547.9424641927084,68.54478184776934
2024-10-22,573.0505981445312,574.2098169269701,570.162354750785,570.8205425423761,34183800,565.8574249267579,548.6010915120443,67.83452131548015
2024-10-23,567.8142700195312,571.4688092704015,564.3071139493308,571.0267196890029,49314600,566.2479278564454,549.2174987792969,61.34278507677809
2024-10-24,569.0423583984375,569.8479293354313,566.4193810527883,569.7693209618997,34979900,566.5888214111328,549.7105692545573,57.64908263845449
2024-10-25,568.8458862304688,574.1705094317597,567.9028255594263,571.2724326633536,47268200,566.9606628417969,550.327685546875,65.63723049689527
2024-10-28,570.6044311523438,572.451338311336,570.2998911399899,572.3236221809337,30174700,567.3079406738282,551.1391377766927,61.83572653215603
2024-10-29,571.5277709960938,572.6476553589258,568.2465463889694,569.6415300427301,42899700,567.9538604736329,552.2193145751953,57.8929418742586
2024-10-30,569.798828125,573.0505525749719,569.0914726763393,571.0562623128328,41435800,568.5015472412109,553.1928136189779,56.44942084304103
2024-10-31,558.6290283203125,565.4959588071013,558.4325373559277,565.4271839715354,60182500,568.5418273925782,554.0371175130208,35.605244355646974
2024-11-01,560.9866943359375,565.4173043933644,560.5741053167588,561.2617936558026,45667500,568.446533203125,554.725,31.379613739513744
2024-11-04,559.7783203125,562.4209644478059,557.892139281839,561.1241962515347,38217000,568.5452606201172,555.3545481363932,34.590321669941176
2024-11-05,566.547119140625,566.5863933486033,560.4759261934032,560.6920242782184,39478300,568.7186553955078,556.092339070638,42.37490884542044
2024-11-06,580.6345825195312,581.508928254242,575.0840880526238,578.8270097230293,68182000,569.4014190673828,556.9217661539714,58.517938399477735
2024-11-07,585.1240844726562,586.1458133207747,582.5600487330294,582.6386570968723,47233200,570.3582641601563,557.7981068929037,60.32998072297577
2024-11-08,587.65869140625,589.0831757216504,585.674234913322,585.674234913322,46444900,571.2723785400391,558.5645579020182,63.245920245260066
2024-11-11,588.2186279296875,589.6037779981073,586.4896037587446,589.2501303160354,37586800,571.9816650390625,559.3200988769531,63.98030146366381
2024-11-12,586.3914794921875,588.7393574916656,583.9059918696842,588.1401110548398,43006100,572.8225982666015,559.9586781819661,68.27074186527017
2024-11-13,586.6763305664062,588.6803942959151,584.4856094336134,586.8531544283672,47388600,573.5539947509766,560.6168579101562,67.67092320734153
2024-11-14,582.9039916992188,587.2854945523371,582.2163632356335,586.804130643577,38904100,574.0943145751953,561.1808247884114,63.14546488082057
2024-11-15,575.437744140625,579.8094129170865,573.5810036102117,579.3378226480269,75988800,574.1512969970703,561.6921752929687,54.0836375000129
2024-11-18,577.7954711914062,579.1118465214918,575.0349444617987,575.8993966406199,37001700,574.3733154296875,562.1463500976563,55.17022626348065
2024-11-19,579.9075927734375,580.6345552744816,573.7480186357969,574.4160398519082,49412000,574.7161651611328,562.657601928711,58.286336964961855
2024-11-20,580.1040649414062,580.3889378159292,574.3374129030207,579.9861823753545,50032600,575.3306549072265,563.1595570882162,71.46505348464642
2024-11-21,583.21826171875,584.6427460672937,577.1077952881657,582.953055915256,46750300,576.0394500732422,563.7666310628255,71.89017471657836
2024-11-22,585.0260009765625,585.6547481079318,582.7075633853434,583.208534421257,38226400,576.8484558105469,564.4030192057292,74.5699670704066
2024-11-25,587.0103149414062,590.2816460152659,584.7213185752529,588.965270737662,42441400,577.66875,564.9854756673177,71.95873236687639
2024-11-26,590.075439453125,590.7434606979054,587.5408441710033,588.2579731618996,45621300,578.5961334228516,565.8083658854167,63.26994579773754
2024-11-27,588.2874755859375,590.2718722436573,586.7647756879834,589.8887838542881,34000200,579.5205657958984,566.6199015299479,54.81185765613541
2024-11-29,591.9419555664062,592.7278593888155,588.8277809402925,589.1028202958577,30177400,581.1862121582031,567.514219156901,56.30064840735281
2024-12-02,593.0030517578125,593.6809066526395,591.863440069968,592.3546375311288,31746000,582.7870300292968,568.5772115071615,56.9355917567075
2024-12-03,593.2780151367188,593.5236138358292,591.73570807165,592.7672106157903,26906600,584.4620147705078,569.5460316975912,60.45326608397893
2024-12-04,596.9619140625,597.2075127280552,594.2996629026728,594.9676840777096,42787600,585.9827545166015,570.5373992919922,64.15238850266975
2024-12-05,595.9796142578125,597.7675800229049,595.6259665136723,596.9620090763937,28762200,586.7500061035156,571.420497639974,69.48755687596537
2024-12-06,597.1094360351562,598.3472631909667,596.333365657436,596.7459547224977,31241500,587.3492736816406,572.2461954752604,89.81978041696105
2024-12-09,594.0344848632812,597.1584931551176,593.445071963169,596.9915028268559,34742700,587.6680633544922,572.9729807535807,79.07149538020437
2024-12-10,592.1874389648438,595.1346226955519,591.5292513872887,594.7122002227566,37234500,587.86650390625,573.6554331461589,72.19433737890317
2024-12-11,596.7655639648438,597.7184581352288,594.8400485801485,595.115147903942,28677700,588.3852081298828,574.410433959961,75.9962060178043
2024-12-12,593.6907348632812,596.4708692968294,593.6907348632812,595.901123418652,31543800,588.7359283447265,575.1414469401042,66.35983806162125
2024-12-13,593.57275390625,596.4413297893211,592.1973772710232,595.7242008087076,35904700,589.2693664550782,575.7141184488933,64.09569327900272
2024-12-16,596.1072998046875,597.0799209921157,594.5551592425911,595.3312295236393,43695200,590.3028442382813,576.3451436360677,64.73571709637808
2024-12-17,593.6513061523438,594.5158183353977,592.2759894688432,593.5530906608857,55773500,591.0956359863281,576.9119852701823,55.908961627604405
2024-12-18,575.9584350585938,595.7339866328443,575.5752867073982,593.3467745348553,108248700,590.8981781005859,577.1572560628255,36.64615982642566
2024-12-19,575.7816162109375,582.5601648792804,575.5360174904994,580.9490228826561,85919500,590.6820556640625,577.4202128092448,31.070343387835933
2024-12-20,582.6973266601562,587.2315284125533,572.6036951737447,573.451443984787,125716700,590.6560089111329,577.7614267985026,39.38426485362962
2024-12-23,586.1866455078125,586.7879087972127,579.2571372355378,582.4409930028329,57635800,590.7140411376953,578.1743865966797,43.14899267755658
2024-12-24,592.7020263671875,592.7414929129372,586.9553724289615,587.5369625170155,33160100,590.9986267089844,578.6584391276042,46.097981510222155
2024-12-26,592.7416381835938,593.8652919269226,589.5282423631364,590.9279213446937,41219100,591.1319366455078,579.2273101806641,46.98192145292853
2024-12-27,586.5020751953125,589.2324867459512,582.3128451341881,588.9958679237085,64969300,591.0426666259766,579.6882598876953,40.97288088052732
2024-12-30,579.8092041015625,583.2788920150762,576.0536844624783,579.4839659814963,56578800,590.4360290527344,580.0546895345052,38.59617704996961
